
------------------------------- TF-IDF TRUE -------------------------------
n-grams(1-1)
df		 Precision 				 Recall 				 F-score
2	0.6122619047619047		0.4541666666666667		0.5080579766372193
3	0.6287254901960784		0.4341666666666666		0.5022525440898513
4	0.6499043062200955		0.4533333333333333		0.5199163557859209
5	0.6518181818181817		0.45958333333333334		0.5243119601815254
6	0.6456060606060606		0.4466666666666666		0.5123119601815254
7	0.642550505050505		0.4533333333333333		0.5158592444384871
8	0.6529671717171717		0.4533333333333333		0.5194076315352613
9	0.645032562466773		0.4341666666666666		0.5038933068905018
10	0.6264520202020203		0.4408333333333333		0.5036878393448808
11	0.6223484848484848		0.4345833333333333		0.49942401330164304
12	0.6168055555555556		0.42833333333333334		0.49195564561268706
13	0.6197467320261438		0.42833333333333334		0.4935599236875534
14	0.6218300653594773		0.4220833333333333		0.48770878557835073
15	0.6241004471964224		0.4354166666666667		0.4950085691281343
16	0.6148168876187452		0.42874999999999996		0.4860277172852136
17	0.6181502209520786		0.4416666666666666		0.49895412421162044
18	0.6377850877192982		0.44833333333333336		0.5108463979659632
19	0.6126246599118115		0.4416666666666667		0.5008978738652652
20	0.6136961322990734		0.46125000000000005		0.5141028243385815
21	0.6112369248398661		0.45458333333333345		0.5068234135389307

n-grams(1-2)
df		 Precision 				 Recall 				 F-score
3	0.582675422487729		0.6599999999999999		0.6060918833471152
4	0.5883050406765576		0.6533333333333333		0.6070524373163159
5	0.5807823600548059		0.6208333333333333		0.587204139159331
6	0.5957895241657385		0.63375					0.6030638116845013
7	0.5936390963267898		0.6133333333333333		0.5915642296626069
8	0.5942220988505817		0.6333333333333334		0.6013707111244057
9	0.5795640047516983		0.5883333333333333		0.5727352133817651
10	0.5933530848236731		0.595					0.5836639428289748
11	0.5848248638186718		0.5816666666666667		0.5730581233447447
12	0.5846273489152745		0.5945833333333332		0.5814042329484608
13	0.5923187571831748		0.5941666666666666		0.5824842260136378
14	0.5905695122760352		0.5879166666666666		0.5778654896301955
15	0.5819506801277912		0.5816666666666667		0.573101038395156
16	0.5882716295601959		0.5941666666666666		0.5819296607531902
17	0.5825958183543323		0.56875					0.5664076971784882
18	0.5806529899409156		0.55625					0.5575432242473142
19	0.5811625783916806		0.55625					0.5591627158668058
20	0.5780821838406978		0.5504166666666667		0.5529105694672086
21	0.5691178148763288		0.5508333333333333		0.5485062636835926
22	0.5707984172690056		0.5633333333333332		0.5564526214526214

n-grams(1-3)
df		 Precision 				 Recall 				 F-score
4	0.5821048779443865		0.67875					0.6178067791384179
5	0.5649483389847166		0.6470833333333333		0.5932532137235857
6	0.5733290276974488		0.6658333333333333		0.6066516092603049
7	0.5668768512189565		0.6391666666666668		0.5919035164196454
8	0.5697286651059628		0.6454166666666667		0.596593514213353
9	0.5531657268170427		0.62					0.5781717236394001
10	0.563704422346188		0.62625					0.5864210474092786
11	0.5558985699542975		0.6066666666666667		0.5739155851483557
12	0.5588304585906453		0.6133333333333333		0.576881784293329
13	0.5710299750159097		0.6137499999999999		0.5818484971543925
14	0.56560960591133		0.6199999999999999		0.5830781997634056
15	0.5629924058599194		0.6070833333333333		0.5763472745420006
16	0.578514223223842		0.6070833333333333		0.5829501915708812
17	0.58142792879635		0.5945833333333332		0.5784421926206915
18	0.5721814614693871		0.5758333333333333		0.56546711251603
19	0.5588315709058743		0.575					0.5574878236947203
20	0.5607112701539946		0.5754166666666667		0.5586700897045723
21	0.572295557899273		0.5883333333333333		0.5704562662752318
22	0.5773812736970632		0.5945833333333332		0.576369578134284
23	0.575330622773078		0.6008333333333333		0.5790458842339115




------------------------------- TF-IDF FALSE -------------------------------
n-grams(1-1)
df		 Precision 				 Recall 				 F-score
2	0.5299032999164578		0.7433333333333334		0.6105366222058421
3	0.5355817853457172		0.73					0.60932881049394
4	0.5390348624830049		0.7433333333333334		0.6163782969551912
5	0.5328503734827265		0.75625					0.6163411406588176
6	0.5144900146978152		0.7625					0.6079310382917601
7	0.49759391534391534		0.7625					0.5961469773230013
8	0.49459079229905		0.7691666666666667		0.596059529875606
9	0.4851487362570954		0.7691666666666667		0.5892699301986243
10	0.4832983618081069		0.7691666666666668		0.5893454812196788
11	0.48141298154341633		0.7691666666666668		0.5877317259700756
12	0.4770464024818863		0.7691666666666668		0.5840478106644686
13	0.47466188334404225		0.7754166666666668		0.5845431553396445
14	0.4668724201647255		0.7629166666666667		0.5744032741049929
15	0.466092302063254		0.7691666666666668		0.575476025967245
16	0.4597079423144331		0.7816666666666667		0.5737333193953958
17	0.453445130849469		0.7816666666666667		0.5684937520583416
18	0.45497510395815277		0.7816666666666667		0.5692372861293201
19	0.45765904870516116		0.7883333333333333		0.572525031179545
20	0.4586578142635811		0.7879166666666667		0.5727911992897816
21	0.4582420747473918		0.7941666666666667		0.574332527184151

n-grams(1-2)
df		 Precision 				 Recall 				 F-score
3	0.6104601916270715		0.5758333333333333		0.5846876190258543
4	0.6154014041514042		0.6395833333333333		0.619378148292056
5	0.5854382204127319		0.6654166666666667		0.6131353004087414
6	0.5647824149422614		0.6975					0.6168014291048965
7	0.5534072308765403		0.72375					0.6182494304114039
8	0.5200271134094663		0.75					0.6068241694688259
9	0.5085735208595817		0.7433333333333334		0.5976972208855761
10	0.5035331817174119		0.75					0.5966808459218326
11	0.490674216463197		0.7429166666666667		0.5856676123925528
12	0.5026751683681969		0.7625					0.6001180393935595
13	0.4850102627257799		0.7558333333333332		0.5852039724637053
14	0.4731589178880114		0.7495833333333334		0.574603839091521
15	0.4689630268693117		0.7558333333333332		0.5721357419440375
16	0.4746380933880934		0.7620833333333332		0.5777005381017462
17	0.4720073269642235		0.7620833333333332		0.5751303691674254
18	0.4657170043835784		0.7749999999999999		0.5751264016119704
19	0.4569405020634754		0.7745833333333333		0.5666496378100545
20	0.4575241096983976		0.7812499999999999		0.5701364372071259
21	0.45445175473760446		0.7874999999999999		0.56842638701395
22	0.4488166614344323		0.7941666666666667		0.5660149774475325

n-grams(1-3)
df		 Precision 				 Recall 				 F-score
4	0.5801615175330345		0.6070833333333333		0.5852735401673246
5	0.5718450503744621		0.6520833333333333		0.6015997815997816
6	0.5487642097591388		0.6783333333333333		0.5990240093834479
7	0.5323639454725738		0.70375					0.5987649461031813
8	0.5267501665001666		0.7304166666666666		0.6060835391634273
9	0.49488518727649156		0.7233333333333334		0.5816542605051496
10	0.49304509379509376		0.7366666666666666		0.5854392505467327
11	0.48200540602714514		0.7295833333333334		0.5748772138245822
12	0.4888341527145875		0.7620833333333332		0.5900453665648442
13	0.48059652938212444		0.7495833333333333		0.5797614866557901
14	0.4679588578748877		0.7491666666666666		0.5698799875637646
15	0.47117308138859865		0.7558333333333332		0.5736369443019074
16	0.46922863694415423		0.7620833333333332		0.573515631506176
17	0.46943232717331124		0.7683333333333333		0.5741877353012532
18	0.46787528584192756		0.7874999999999999		0.5801746629351234
19	0.465879889512608		0.7933333333333332		0.5788168515690526
20	0.46318502274836604		0.79375					0.577616871209645
21	0.45876056290036804		0.79375					0.5733287600818008
22	0.44918751546902075		0.8004166666666667		0.5673858731508938
23	0.45009338377707325		0.8066666666666666		0.5700544413440298



