17243927
10910985
20153349
19071340
10473651
7966442
11459142
2363490
24214427
15119527
1900959
22829048
17656487
19491488
11836015
17907789
9288498
18032532
14657523
7891366
7190985
16961003
11241565
24010
16002374
1433433
17060096
17437090
21501533
11140442
14632119
12560046
22225821
10632141
9465273
7655606
484852
15747777
22277885
18000836
12573897
20414643
11368561
3592563
6489295
19550438
23222181
15258281
18197300
9436291
8674165
15141106
11489877
21238955
17622976
11603954
8844978
11270847
18296665
8625942
17161896
19583459
19476964
20833606
17506350
16581538
20541479
8100433
18518807
9875296
8378332
28060640
11834463
22156019
11213196
21648437
11934951
12644186
234201
598932
3692006
11707141
12033307
11445514
10877027
16331909
9152590
11158713
19464572
17999340
15921841
15141287
12975328
10378450
9924004
15902975
7268197
12598663
8494496
8421320
6347856
12117645
23454109
18171646
15776496
907181
19022327
17092785
9853003
18678040
22281753
9695179
16610561
11993865
10410952
10092412
17377142
12696585
22572118
15250408
11846168
9348725
10595718
22968351
7717770
15808788
7523909
10981726
12234467
9766913
12376132
15828053
14727918
15866497
14569179
1438041
