21209057
16877951
15699232
23937988
14519141
22480412
20569506
27418909
11751704
15576466
16336337
14691072
24455693
19515740
19747418
15654301
21611791
15571824
7794875
24555648
15641075
8780338
19836369
21854712
12378047
2984915
21480966
15379959
16925883
21365167
8818389
18929614
21239355
17493318
24793348
15483635
9701185
20047124
15979066
17116719
2923121
16417753
19452301
20016715
2308869
1204293
19329378
19154165
18673413
23485239
17651532
24012281
7798800
15713354
16401814
3340914
9158842
7277039
6873601
8604665
16848516
8287846
8342534
24101663
23316281
24659110
18024243
19224977
12581551
9100217
21045731
16597684
2974234
3413256
20174853
17182807
12929618
16624837
17599024
9665421
19838922
16116248
19759165
24120856
11315680
2116544
11238766
22451038
21180982
8759440
8385077
21306343
2526576
8519351
7638688
20648041
12844394
7512296
24119309
11751541
22230252
12163659
12003913
12885718
8487961
14519794
16962297
18780337
22492368
17881382
20431595
19457271
20731617
19410394
20083478
23711994
17428259
15705250
24740205
22237997
19181766
22741748
2911996
24507823
22971337
22854407
18580887
20529404
16442546
14756193
393688
10619962
19603643
16015257
18614742
21274973
22072357
10929996
22198162
23815082
12585770
23353612
23110850
24317181
23586690
23583744
12570887
21791145
12744912
11415492
10433133
9347083
9093546
15005831
17303649
9177111
16160701
12540393
12638598
11895874
9624225
18779460
8988625
3203963
15530150
19209375
21952867
22138144
19672612
19022259
12703616
12590045
19889807
17353581
15077683
9503676
20487170
20089728
24616048
22066932
19364378
9288446
8865957
23279603
16639417
21770863
18768490
11043928
22575037
8475898
23235974
12013162
16427764
22695485
20851305
8684404
11097801
9537304
23321855
22260236
22520969
23964387
18400704
1958395
16819531
8377380
19453675
23296201
7814238
18331267
10354210
11226974
1645070
17299496
24112085
21364873
12835280
12771562
24388325
10841005
8904623
18854399
11348578
621586
23298969
16967765
19454126
18605965
8286777
24384847
1939518
20444927
17381974
24220909
16847394
19476631
12612177
17365576
16998861
7840069
7421125
1130317
17954766
19923396
14684399
23015415
21791491
16411057
21270364
18425110
1798315
19748245
18997681
24249967
19035554
23341693
28460908
10787131
21185973
9831629
7503002
7885274
18385834
2507238
23233541
17521468
19240230
1415000
20951014
18469246
1444037
15623842
18342406
24464602
10999973
19248870
9703338
19371448
9169165
8311276
11527655
1575961
17093145
22623389
11893404
1084486
21298441
22531363
17396645
21050256
22819887
17435257
23568713
22648267
16512947
17934973
22663940
2542722
15226473
9135369
18337059
9184188
24025638
24410686
24987172
17006716
9618017
3128304
3730046
16897192
15638820
15644456
22525937
19538812
12424747
11912553
9752985
23475789
20861867
15897583
24065998
20797885
19235039
3996341
7616113
15553158
15051603
22973322
19101115
8157951
23453007
16407712
18641190
18155994
20136444
20374789
12170122
3793286
19245185
23471523
21947088
10393134
18442505
17378949
20502473
20130402
8567379
3030902
21929845
8956700
17951485
7103081
22426755
20359723
19756403
21214302
12826019
10690158
16253066
18845707
12236589
6827348
22217539
24032342
20169332
23271695
21587280
11593343
22076550
6637977
6658448
213083
16647612
19025725
15918927
9292948
22990856
24827988
3443147
17586409
14693967
11584098
10500011
21569587
12633522
2467102
24347344
24292948
1409496
17134951
19819675
8660318
9434655
16459932
16365017
11421921
10555559
24717342
7835327
15856132
6624705
19931888
21414247
16084675
23346304
7782727
22257370
17622289
9006879
10075332
23427795
22850704
20091486
15532008
12191890
18053294
4023632
3690953
24353343
19445819
16132058
22150449
24228837
19741360
23890355
12010225
20071646
7424562
22437558
12701628
15278265
22889635
20553076
8294284
23653431
10615220
12633518
25150074
10443337
15735094
9652319
15525585
17109840
15340368
15573929
17378943
16762949
20688476
7891208
11044231
19874633
17217362
11124742
9568782
22480598
19903755
26676347
22902766
17482908
12469896
24394504
11601566
18418556
17908159
15668497
6394707
7661116
2821150
12701637
23261380
2304504
11350917
22865701
24259554
1914507
15259281
17245544
19399613
7070839
24236646
23109475
16118654
16025837
21991992
24534074
21325476
11117617
23269817
9846597
22458649
19460943
11273862
24749767
16702326
8030600
10334654
7721501
7672892
22507614
18634717
11166016
11555347
11016912
18349288
331868
16497365
7884787
17921019
21838914
9550636
23616504
23413779
8561291
18381467
10092421
22351524
23616515
21437028
18850167
15247127
17299464
8338037
2262252
21515060
12088525
20484838
19083425
2513367
3586249
19056549
20591133
15519232
9133771
24126014
22859618
20810980
24257514
11570994
24513507
19448895
14624406
24453272
20699566
6217727
12771320
16876968
12366489
7112093
11714854
23813805
10668498
17991668
2792314
16709214
21193322
22744879
20972537
16542367
22662256
15623835
17392557
17055057
21636018
20875947
23298335
22415861
22935193
2254779
11787977
16373947
11063437
24097406
11273853
3981374
18929595
20938914
19144238
9300548
8841762
18435934
20656971
23939542
22841050
7879742
22319543
8865970
8735311
1151156
1889479
17707880
24005798
17158438
19167481
23593383
21652277
15321807
9597024
17083117
20125035
15159299
879075
22113250
10075325
17123162
15447916
12514292
23735834
12740051
10506632
2089248
20463041
12648480
1195008
8053927
24051386
20734237
11421468
18681982
22964790
21653574
19226352
23743666
22230243
22134356
19154810
12198399
11227800
15087262
11303493
19776629
9786601
20541028
7026126
15186955
19103460
17181887
17061001
16571157
19747676
24176230
24117764
17164826
20614926
7549804
17548693
12809960
7771639
25013811
6127979
21206366
19012609
21144787
22922514
10872904
3999972
10573560
19216808
17510462
8922299
2239266
3202096
17925053
10961167
19476677
448445
24085409
22378093
8634656
23786821
19587123
12396157
11053900
9498358
21850507
3930716
23160961
6235744
3947186
22810957
17467370
20229096
21794198
22971754
23276304
6641753
11369742
22878474
16317133
22166897
19212595
7730872
22930204
24336456
23616503
10349700
19350484
3940928
7144044
9470978
16326171
18445104
11393881
23276513
10661649
23388668
18938777
23701012
2732804
18727988
18602159
21867578
21393121
19056600
10395585
21904138
24064736
21901024
24086269
21765609
19524158
15136968
2504555
7042656
10773192
9126536
17980786
8181250
11900598
22420611
15539886
7625591
24439241
20022468
8712189
17032346
1764701
23131821
22623391
23095712
22357739
18844498
11405413
23139249
18779284
17487211
11318226
9621934
23242632
9014018
9126543
3806255
19622189
10726104
1558307
18579335
23404690
20875188
9600803
15330213
22002214
3214459
18343384
11895315
23790149
10889455
21088672
19737152
14594780
22874882
23411109
22976529
20847399
16614426
11211621
19526466
9822445
17855114
3378800
24225359
22223573
17144439
15230997
17570333
9009983
8702085
6134040
21543531
21880447
22232263
23222963
2021136
6687358
7794308
24598880
15225588
21642047
22440468
12832298
16029687
11719475
3421207
24655490
3904334
22686542
22153513
15824466
22963454
24506405
22000709
9873210
23581742
24744308
21963020
12581536
6846224
20633266
19141701
3334944
18496557
21945421
16213478
14633050
16988129
12769523
9927559
9719395
7879788
12798968
15979440
8000300
23384313
17035384
16465196
22536921
17805230
19389190
22094834
17258374
23537601
19656771
3949945
18005489
10873964
15674316
14747639
8849646
14988447
23701901
1951269
3459925
10690159
6306619
23181984
23758041
21521539
15181097
7962322
18025822
1600923
24131479
11244465
17574819
20856100
18200439
8222114
18072819
25049524
19816812
19195928
16426563
6106533
19380219
19809862
23201820
15744450
15908055
21616200
21483425
2042870
3675704
20176064
17991660
17053540
14704286
14970978
18036707
1722997
22411395
21183937
21078880
18342385
24772970
12571663
6986391
21736852
24717340
8462379
19672114
21039313
17925592
7759851
12576846
15055256
8186810
22365613
22514039
11023139
23929930
17353586
15798079
19631306
19139019
24133617
18632704
22521090
8083368
21776034
3754596
8030604
20411451
22336766
16302039
8561276
16332648
15671108
22378224
18078815
18058020
19223918
18042308
21278329
23364022
6270707
6830337
3812346
19787711
12571656
16822627
1619933
3944962
22907558
6717045
23893520
22434053
8540977
23776058
9280175
21068355
21586177
22389237
11145117
8014136
21178086
17921432
8283292
15054404
2099958
24578648
19461427
8585694
12915635
15265001
23493899
9625087
12881012
12571671
19185776
12957531
7851870
4059579
9437183
3676193
15927976
23065486
10560571
3649386
20827783
10981460
16019321
9446845
6743716
11409657
23803472
24558030
19375762
17707887
7457206
16469979
1775383
11114678
7418143
19384973
20459623
15309416
8246766
7628952
7721512
14672477
17576072
16288935
16120695
14608088
18090913
21731004
22985936
8840854
9174475
12395214
24099724
9641572
19674878
23016120
15695321
21609284
7962859
12701633
8677427
2890367
909626
22623390
9836715
22760559
20374220
23584029
20817784
10365376
11744518
20823899
18042305
7579065
12752355
3475996
23398528
23134716
21513617
1706024
22935321
20540816
22378736
21316439
3665941
19322671
22449789
21792213
23576641
17261939
14639795
11516891
21527577
23065735
7841238
9280208
20104234
16941193
23441478
22527179
342994
22170369
16549461
20980650
6494187
21455057
6685141
19765953
2535331
17091466
8951742
1130302
24550642
19365873
11177200
17364694
19838425
6961735
20716705
7094263
22464805
22669627
19277882
2822836
18622897
11468136
1991968
14555265
15945594
9400864
18562168
11464259
19116317
16549469
19490733
11839462
24592585
22563862
19113911
15194038
21755327
23178033
479960
23110638
20007940
12505289
22070129
8876839
19406265
11761118
17945318
20573794
23229929
10028376
22855341
9701196
14502843
12936929
19439328
6723093
12082512
15691625
17613244
24583126
24811615
18599063
23885991
8785214
15998628
9145943
10702173
22594919
6723013
17112495
9665097
2797343
8988946
2056153
23750658
11981061
8988947
17082490
15113946
10347124
23287847
8604675
22686194
9087929
18171405
17227589
15064113
23281067
11864854
21512179
20671375
16769382
15220949
8424386
633393
15963125
3578112
18980880
24316093
18987591
23221031
24495993
16929036
22004367
21525250
19541924
21393114
17921386
21180976
21689025
21521543
18261721
23778998
15735096
2610436
9925119
20045014
8569436
22976994
24038257
18203896
1613327
16093407
21670398
20403085
10942105
22399233
9265904
8578190
24183901
16032375
19563454
3766437
22617460
9103313
8687245
16906736
23017573
24462044
8850272
1845556
22837365
19154505
23053533
1411821
15007396
6597699
22613060
8019375
1914548
2261759
21558572
16799147
6886280
7381079
22591904
17823443
23249766
17996062
1605174
22776850
12906911
8774235
20668372
8863881
21618426
20171689
15841498
15583038
15054421
2006983
9373766
17126772
16919733
9192197
3875148
12081831
22905922
15828950
23507082
22492370
10363752
12001981
10101920
19267950
19292025
15158304
9101427
9698662
17411472
19462490
22030286
22459823
19587090
7223703
11211635
21444148
15536598
24411719
18364335
23602227
23359251
3219267
19911216
2632712
8841335
11892722
16870009
17313719
11213870
23525429
23173177
845695
19146521
22823889
11439310
23695204
21822669
19909202
7783659
21325731
1326903
23680090
11520426
22870293
23983241
21729485
17113646
19423514
15713002
2283643
9182833
15685502
10744130
16483880
24585438
10097924
8905310
11483899
23182389
15578627
12797715
15105183
12399265
711832
24284436
23164175
20179724
24105100
12612182
23810691
14630608
9725660
22030228
18555853
7509592
17129667
2339138
19364517
11716286
22193171
10622014
9483672
24090688
21380638
24478050
18351497
16289877
18258634
14983417
22075273
12612155
1773818
23385650
23984293
69101
12679465
20398433
23918167
21044372
16039831
19054786
14563407
9058279
19758824
18005364
18188415
22739374
11429514
22870144
20101007
23959232
18287362
19248856
6668164
11815316
4072956
19940473
20228611
12399274
15220953
12771325
20664561
6699336
14572428
22094895
21457378
11415491
11531400
7960376
8460607
8379505
14684759
9690357
19491941
22464667
23110799
16160702
21159788
21673483
2555467
20717129
15209758
9196821
7355785
15054442
9714124
22063959
24145576
22209741
19573123
17266151
23211714
12627872
15238233
15177126
9103094
20078232
18344516
18634706
22409945
16522902
17852400
24860825
16151442
7470193
7986787
17182808
20119744
20090887
11401915
10843301
22420377
11513302
23971202
6128016
16766544
18469252
837522
18593824
16097312
7847591
14647227
22583924
16014782
15868135
15649652
1363345
20470213
17988006
18332316
1564773
23505168
12730404
19444613
24231099
15207383
12527145
12415488
12862306
16878040
23582078
19554433
21770373
16582033
10360816
10369498
9558743
16555471
23312283
23072538
22428144
19184764
20717134
19942384
17152921
8056993
1978304
10884711
20335630
18842807
15447890
11002386
8059889
16911575
8691220
8191395
21441602
15483632
20424182
17299490
24045868
11325202
19100785
1868374
16365071
12433724
21599868
10953681
6139023
12456329
15364593
9126544
16933054
8318765
17623226
21229009
12368412
3166627
22699835
22578980
23207405
12195730
6983876
11739865
2393009
11124751
11525591
8989725
23867847
22899103
18156658
12399280
17961291
15755826
10818080
16129079
16675719
17577663
19647389
19074209
16373991
8347746
3708879
15596257
18579574
15780355
1915424
11505030
22412917
9301430
18817578
21348878
24094533
23078582
6746843
18809628
19886395
9989687
24086562
19855070
24445046
17953789
15474884
15228210
20413966
18606902
23269815
23941129
24869977
17408529
1728983
24491855
19752614
24901088
20805084
2703565
23268983
21955962
21984307
16357111
23861300
19909936
2575173
24117620
15616029
14979686
21918812
22299424
22479589
19159678
2321629
22828732
22296234
17161237
3451945
1317586
14984241
17251452
23796695
14580860
21654163
23679960
17573997
15333163
9718286
7702360
2689017
3257350
12115589
8827968
24880598
22647239
16177198
19284557
10780942
1570817
24120179
20609339
19093161
21454026
1706027
20579405
20185740
11906579
23076449
22413045
18635909
24848614
18240549
16204431
9339224
22254088
18565278
11173538
7767243
9017460
22045223
23612511
6101930
9280206
15136427
24500922
8793821
7372211
10419191
24195492
10626596
8077607
23244547
23385969
12646995
9109609
23756700
22072336
16103033
21034300
23934649
12727803
16015268
21935277
6134594
9846591
17223986
9394690
23177481
20497980
12612144
3102051
14977642
21770926
10369492
24713823
12097663
17671440
19233467
18197294
23568423
17538534
19465190
22874465
25551921
17023717
24850626
1814163
22269778
19056642
14968472
15309461
16131696
2961251
4055424
19030182
23510154
3791019
15630296
19207608
12465730
23349549
12821543
20858571
1860906
7134141
8156437
24027184
15894698
20566013
18156407
16644032
6697663
1390609
8925793
3179835
12816775
10452406
2563958
20385037
21713402
17185035
8319640
11339111
23478398
18985060
607240
16901602
14672449
12094627
477354
12010860
1661761
21320200
21912328
9227356
16076733
21330422
23198021
23279610
20388103
19828690
12421348
3528427
16895879
21764149
15799175
1781920
11815317
463875
23710689
22681916
24846904
7728802
2607069
24066848
17868488
22412070
10694524
18301435
8379504
22586500
22443986
8147341
10495135
7891547
8585665
1510234
16675507
24178786
17634169
22549948
23514841
19763120
24192660
12944887
9732301
20459634
16883473
21684578
11522560
20579524
22125677
15797884
24373243
21527900
24008266
8248387
17426744
20683461
9219557
24901094
16516300
16968341
19642096
1387410
7073802
14757379
23032644
22896857
19214363
7262125
19807166
12908714
9049447
23959555
24146452
9925128
18996432
11237934
18313808
16885724
8869890
15277327
16492185
11605025
1359904
23899213
12003662
2341091
24786626
21191141
24582438
17043847
8334807
19038817
11369735
11129960
7390278
21147711
16469990
19366389
3602296
12701635
16290114
20656099
11914325
15930462
9802520
21679102
7879743
17538538
18372452
10481920
22406837
22731761
20035275
21763016
18007145
22437553
15879921
14988463
11274023
22079198
7496894
8394629
1435092
6846238
21889886
8672168
15474873
11401103
15533330
17684141
9366865
18671300
19467525
10393137
19750404
16849119
15860436
20307353
22535754
15735097
17381951
6426329
20831448
23414551
8680621
18269637
22659464
21835399
21058992
3141712
3088251
21954187
450943
18022626
18855107
9745105
11520427
9164983
23286459
17010136
21619649
15110095
12952417
20018804
17374661
2863068
9211380
23766883
19262471
1728820
22753786
16192263
15697011
22413931
15668660
22017884
17299385
15578454
20087856
21889564
18181249
11570992
18092566
6790389
22146903
12753428
19835700
26663494
15671684
22818715
19088785
12008112
23553162
16984378
15383514
17087956
14603342
11124753
11916268
10192089
16600943
12559671
24119990
21616771
3757951
23871026
18469049
20203630
18489809
18383031
22659988
1888122
24336525
25646336
11218243
10958819
17069784
24247174
9094932
11696389
23558350
19190073
16105250
23432169
20525839
17997863
18806104
17198941
23299375
20936528
18495456
12214564
19807937
14625264
6521608
6963539
22341268
24386074
23242864
19465494
14552672
6467897
8757236
21784108
19349561
17490425
22527567
8138822
17932348
10192647
1734676
19656409
12414549
6360871
22999706
19012801
23801662
23255817
22043987
10549992
9107292
23419404
16626417
11942473
23884377
9771337
15220070
19828688
24889390
12170116
15705233
18436279
6203166
20933512
20102853
10373033
21787450
23636239
15116072
24418243
23452466
11299098
24760553
9682246
11487071
23102173
23608661
22941424
24493236
22955514
8377724
21310080
20481469
19004533
12076291
23866833
9234030
21861314
12450885
23169586
16442700
16205744
12791619
24411995
1375446
12206577
19586644
8040445
17895319
22889631
3583361
15883421
22664440
2969739
24587729
9094929
10477252
23886863
20086201
9755144
16260382
11237932
19669166
10798211
22713506
9184742
20074394
23168387
24549027
7198682
19233499
10195938
20655591
11375894
23775014
15490266
18219092
16896046
22305536
17010227
6801613
20464480
20016712
23149074
22914551
16176211
24315778
11985407
21917262
19369051
18458835
20032481
19699835
3496620
24219187
17142034
19519975
19735348
15354158
10757270
12460796
20346375
15098218
23741411
6940050
17723997
24885092
10655966
24052516
20797476
23013269
19782169
10779203
17927508
7603884
23014485
12612176
1836062
1687869
24192843
23465855
3257173
23817228
15987862
16055129
12221400
24668960
21798394
17374666
8844031
3700584
9683389
12119191
19812218
24176070
17855705
9111159
1583423
15941879
21556230
6868163
15530913
12242584
21272402
9267545
21041810
7271012
22889406
20533282
22508384
22760677
22701608
15817852
15514269
16600927
22995522
16873796
11593351
3728359
8901785
16452358
2195144
23210653
12324287
11043701
15207529
10590217
20086115
20925618
16006786
12777946
927025
11240337
10547145
8519511
23006454
1489022
2856053
8602593
21814291
21925347
23307849
9232023
7493658
2087518
8780214
8923837
1630277
9229214
23127601
6695977
24260564
18176291
19628105
22038465
22735988
659262
7936823
19465181
11460684
3977294
19410977
20573790
1527639
21477338
8109889
7547847
24574190
20061366
15523488
21870174
20880683
23587395
23706976
23506338
22954674
22763478
17000037
18469267
19196525
8669410
11722962
8481726
23673118
24731226
22402311
19229949
10539780
20196915
16546484
21538847
16127234
1780007
24611107
1821718
21484162
10752646
1881240
19737505
11522273
9734732
24064346
20728171
17524176
22062859
11110503
20631563
19845555
2907164
8563221
8954050
22177271
11002302
11430777
21289653
21888531
18212714
12821879
22778500
12667602
22998127
20032491
15483633
23092212
18503080
1825388
16220127
23800627
15491719
22982044
23512476
19212844
15674313
21757824
3414665
7554782
19102810
18086955
23736364
24283381
15325913
12467131
8261677
389024
15894688
21907027
15502925
894144
12499342
2343870
8155990
1242857
1837785
3655625
1178597
10037556
2264600
12701634
12222681
10719789
24083967
3189281
24699786
9405898
20696790
11237137
21540876
23146693
17725433
22171008
15755836
9884140
8436092
15752955
18279554
8576818
20445569
22011640
7127167
12835281
23929660
14968928
19765978
21068474
20497691
23052590
22935250
20016709
11299079
3684977
19710166
16710079
21272698
17468081
15387849
20059584
3945798
19602831
16042729
15255448
9371481
17413107
9589241
1281223
14733359
7317223
24607659
21443679
2057470
21682722
20891013
8727231
18689379
12030314
21035513
20104235
11368242
10574629
9021675
24280472
18957523
23521326
24521535
19967221
24744306
22784671
20666692
10837287
23697800
23596164
7149853
15234196
8653140
21812977
3099592
24774064
7179602
24263137
11886087
12606888
24631385
22205312
22935962
15282102
17240622
7903396
16138866
17462541
24477299
20929581
12037693
8766257
11570993
492702
12385014
12600860
24177342
24394445
2271402
20533243
12891147
24169462
15788107
10050937
12840179
22889633
22079392
8415126
3251002
12010339
17571965
18727924
10719584
9457744
6601225
3709889
4039314
23425595
18492834
23592741
24253585
21766913
23572200
18674555
21646779
24593295
16441926
19541503
23200148
15694947
22682277
16307684
22691303
8403797
20833009
17466735
22614056
12612146
8117360
21462242
11160547
12656210
8906431
8154486
17823452
7766562
16292755
12871962
18614740
4044829
9439131
21753064
12603505
18835594
20074877
16895896
10209651
19692214
9094909
24524538
6875442
11595643
19083483
10376780
21128828
24433795
8730121
10092157
23239442
2783205
2861602
12861145
20461205
22489219
16126558
10907791
15051616
11991438
9126540
23285120
11038239
19165386
24630682
12042456
10022638
7782801
23482652
11337974
18234525
17565356
9734717
3044283
6738359
1764777
17760788
7608811
24205258
12452320
12407914
11083483
6131905
16555941
18044729
17630554
9192200
18616717
9772134
17890682
10400557
3900553
24095852
16524958
20205615
18499768
16192854
8671553
21729475
7616321
18809385
1907090
9426913
22711274
3094360
3443818
20354055
16007116
12612181
10798210
23351824
11332329
6980963
8613660
29520772
15946415
24697303
18028575
8921782
23225235
22617187
9507508
22068726
7980712
11684525
9625281
17964312
20146056
9488583
20458467
21549582
22347387
15774768
23891390
12453956
7780834
17556688
24490949
16474599
17456248
21513570
23758715
9185762
18560790
23561878
12042451
20375264
8947235
20013161
12921880
21944832
15753340
20572795
7737723
22832899
22442277
12743462
21215487
17161227
11500525
23312763
21865569
24392026
12133054
18569937
20482784
9845229
23153276
15189754
9850131
12382243
17536192
7591853
15050525
2268294
17853006
17454716
12831948
9886884
22476876
8063609
8463511
11360133
7814230
313701
19707219
20003635
6864334
15213040
22106754
9199541
21367549
19250678
20488461
23521514
15159225
2184951
22470037
9884134
8865956
21479614
10787392
17522607
10888536
22204289
3683186
12701641
17142523
9835304
8440817
2580171
18950816
23957649
7661118
20685951
11114572
9359989
223439
17454921
20678905
26735640
18811886
1984517
21797774
24399450
20685953
18184902
7742074
19797353
11684529
10509764
744085
24524903
3587183
23573202
16750224
17255537
11911038
18384277
10612482
19782178
17259057
23632011
11784411
23604869
16459225
23915700
20225268
15764338
16002814
23692391
23017567
10730110
9440371
21108560
7872217
18400724
21208780
22453033
15231001
10075405
20926521
1071710
23575965
23698162
16572714
17622261
15569233
16877864
15096652
8844032
19103959
3991418
24720647
21272408
14528606
1845789
15003961
1473910
7295182
12879094
2514862
11132830
21455669
16306923
21736804
9781458
22577089
11988406
22790885
6746851
7452081
20484550
23040831
1080186
20484173
16093290
12701636
7041632
24079287
18070989
21767334
11346043
6644826
24260455
16608839
1955244
18614741
7955442
1706029
23596168
15239137
17093158
17542117
22831954
7572741
7666786
22260857
23887855
20071642
24529647
19020786
18665853
17538543
16127237
16220717
9101558
7510429
16674818
24747212
17397182
9865547
9126539
19124480
8857512
19902028
2885009
8006520
1588360
18502266
7932595
21858504
21833777
23997009
18158392
7794870
19535495
15871857
17666146
1667392
14639801
22321774
15930470
24709231
19342178
21925744
9439914
12064348
12548304
22844488
6668222
21375135
1989414
20220206
17942242
20489685
24655486
21665017
18469236
17823444
9488588
20637142
20213178
19176727
12571660
17582243
16720126
10211054
11015494
1755447
10858692
20351480
12448355
8017331
20371846
14519796
2567216
11605737
3405869
22846205
7661122
8988942
3046309
9491935
2228150
22538636
18083538
15447891
18372583
12921885
16600945
8409314
19912673
19502498
18986590
17885014
8988945
18364331
1755523
8183721
22507619
1409495
15949693
7667825
9804365
7492979
24503418
12580912
23077607
21104585
8321114
1442652
12848000
12672709
11382655
18377692
21753062
16413517
20418335
17616765
14586799
2714721
21854108
20537646
21430243
16885932
23566489
16199634
7627252
22418088
640991
19386006
18165856
15521701
15808329
665549
12558058
10450531
22159766
16392704
8777617
18725895
20463100
18839471
10953902
21035306
6436027
18326593
23421854
1931903
23261168
21796471
21353477
12627187
3801689
20195917
21098536
19398656
17237312
22483997
9872354
8480683
22063784
8301105
3874536
21918219
22391743
21046139
14532809
8488983
23865797
22221492
20039635
22190025
16013542
11748048
11520423
9126533
22806995
12891148
19238154
12917211
12791620
20429995
20950616
10601703
8488962
18262533
16003174
17533162
14870827
9126531
24447090
23199788
16908102
24099725
15795656
3620415
23460284
14764792
1447339
23096248
10528881
19180219
15294347
16006785
12633511
22099052
19573977
16002815
12975635
11003207
7618159
12767521
10509762
19344979
23645505
23237668
9291877
22808350
15897723
15757599
19184765
20634051
19433614
2165094
11902371
12067432
18203897
23449767
18780775
23793676
18791925
9023469
20688594
22114787
11002384
22038464
12064344
22207451
23626820
15207524
21697634
7766564
21954893
22808939
3417282
24130700
22717176
18349247
17361191
19141703
21784375
20386999
19932865
17561455
15669713
16925858
22891914
6526369
10858394
10511259
1512628
1418109
8925789
3777204
24587458
10691317
20716617
15765636
523951
21048056
20722767
14533767
17878924
18998017
18990745
23375342
22208750
18444130
11237942
19874636
9593624
10227048
23635368
21899800
12612178
11172480
10617942
11823994
11533367
1634412
19106327
24555818
23761651
23392875
24518747
19759167
24763113
17567719
21235803
19653921
22593589
20018122
17119057
3097280
11470719
10670401
7594414
15719994
19621431
7955064
23233242
11117563
20359724
15181083
16600925
20663159
1543174
2916448
21389177
19628101
24523800
6111214
11742889
6711476
23583343
22119508
21870153
24094144
22704109
830663
16278362
19293053
8308576
17079035
16814108
1506921
18059417
10984301
21602259
11744515
10024624
24235878
18359648
15857272
19167960
11052553
8922296
22406119
18979504
19023680
18258620
17174720
15476739
21130894
15669715
19762178
23457526
22068016
21490123
15992645
22525050
18313122
22190023
16801477
21267518
8269885
2860945
18534601
8480677
24483967
4029566
17449591
2344294
12972874
11477462
23475490
11850767
16825699
12571614
2791200
11471865
14668270
11761117
17957153
23522825
12908905
23360131
18506383
11360132
14739909
15669714
11052552
11001078
9591196
