10737708
16202642
10503894
15138037
9766658
9202762
11578808
7959450
18692111
8565143
8407549
14690798
8526350
12489111
14742322
11535243
15764290
15036007
10050262
1815071
8055653
15110095
8070736
10744044
1483260
10685010
23400709
15155558
15036006
2013135
17952757
20708442
10755388
21298592
10190547
18980957
11921178
8319619
8603466
20396988
9202755
17416774
15059926
10798216
12067575
15065796
12949046
15686438
12214671
10418945
9463528
17936011
15310244
15777097
1944385
8055652
8565139
7881341
7586192
9631495
11477514
10050263
16394512
9772093
16780350
12903983
16889804
9250630
12628517
15207388
19441775
8199311
23276304
7671244
2710268
8625507
10503895
8781372
7955104
19628463
15224350
18599369
9202746
16780355
16962602
9591192
7955116
17487839
19122802
11467522
16908439
17985119
20113859
15184267
1544148
19810020
21238752
12387319
10962432
22173956
21688801
18792919
15036004
19838915
8822495
7889858
1499093
15036002
1473240
21456541
1722281
10719041
8149474
15704238
11323401
17184892
12016160
12753428
14601045
12351157
9920831
15110096
