17250958
17071945
14646291
8049634
12775499
16688535
16084535
17932351
20219237
9950245
18464095
14740717
12012185
15734979
16225859
6831387
17674967
17517702
10766171
10360468
16789472
23086075
3726495
19836015
17277232
16075899
20083082
19231355
10454223
3808151
20584779
9448059
8871077
10698483
16362321
19540355
11883753
21783646
16999971
22815468
7618151
1934148
12408657
10321348
17676589
15576387
18515848
14706514
10607738
1540958
21971380
9496912
11815259
22539560
23885861
12509885
8348057
22921255
1519043
12455047
18053706
17222024
15710481
14505704
10867370
21133357
15917149
17151004
17453738
23742931
23461605
23899393
8420613
18444068
17067754
17855707
9488593
15924994
8339251
23889114
23384313
20701951
9423579
10592005
16484135
9699795
6513963
21854004
16752224
15058949
17256552
16570275
8815746
2503247
15003698
17524972
18508111
19682737
8575850
18059422
22330681
19543712
23994691
19603678
22198330
11064127
18323091
15471096
9551809
17639024
22940481
7718309
8781379
15203380
22364670
22250670
2326620
18308633
7718821
17429172
21674251
10547028
11401906
10963417
9200858
12807751
11013411
12530608
22028397
22939007
21570106
9488590
19017700
8603481
18425528
19892797
17630984
16105747
23886023
21727035
9800384
16936186
23259787
15152305
21298713
20957144
22440811
10392563
15191928
8618549
18155961
16364371
14646292
7515517
7716498
16882543
15504935
16721748
22428611
10511264
19193393
17548691
21046075
15273665
22607939
3731085
8319664
1423873
22626472
22436105
7955090
22695501
10797468
16506284
23500776
12507180
17690111
22066002
2860738
16563884
19184740
7967539
19885669
19709761
15159317
11939197
19058843
23365511
19513811
1536818
7498096
19844955
8282417
23314038
18264698
18358224
9559574
1608925
18559561
14749914
10064857
8933032
19661084
19143007
20160264
11981675
10502428
22663094
1378179
8328359
23758680
4000342
22582268
20198579
11563604
7716495
16390209
8319662
10877033
1944380
8535495
9439982
21306979
10519817
2225321
10898595
17722740
15734955
9211208
17018403
9498680
19038392
17896209
9477220
12496053
21148768
15893543
9169056
16780366
1928382
19144392
8048786
15626640
23889309
12717801
10797280
8348058
12167216
20571775
18313659
11967624
17253628
17080399
23717078
7793752
16178593
11261893
16551675
3802081
20727579
15767350
12111346
18222724
20368125
19084626
16084970
17503278
15712285
14693744
17498780
9200867
20103092
2519708
15247141
7716496
19733518
23175176
10330306
20406721
7896420
19951702
3706749
15922365
23745771
8034363
21976308
11368625
3245595
18952507
6638179
18268125
17010996
16269432
8943834
23409981
22467358
16087477
7546226
17537501
23107137
21504209
15152308
11488241
12398325
20605637
19202139
23391330
14985527
18020694
9342626
20077227
15180061
19679040
20395310
19779733
16557573
12376123
20634147
19707251
9137996
8519527
12141065
10517226
8941904
19577242
11045797
410581
19969441
16581553
21999439
8210044
18154730
9698997
11418090
23889064
16882541
9048224
15767354
12725421
7620943
11954740
9685648
20800854
14534443
18271539
12581533
22038087
8349308
17249147
11993656
1540959
2369737
23299301
12605912
19430709
2123146
22138421
15856074
16768460
8195900
15720147
11993633
22610669
1600621
20444151
21172795
16908438
23043336
19942255
2382118
11551497
6859250
17976631
12500453
14738276
22748504
9368395
17429175
10746945
22032748
9787848
6293641
15557812
12698233
8571376
17672206
18181642
9604334
10712743
11409942
8202933
17939722
19766290
23416326
10717260
7377371
1544688
16112323
14520510
9744534
21982560
7955039
2744865
15384151
10555964
15688365
18569571
22455670
21049951
14744742
10385148
15816606
8694494
8319638
4077281
20849910
8001254
17961608
22805987
8199667
8329112
17569073
15311848
22282017
21517010
11785634
15288554
7885362
8175189
9695181
17482216
8692233
11452595
23024753
7750114
15785805
12929122
17575398
19440493
14504203
10575428
22415648
15013699
17171262
16864595
23886058
11159744
7793423
18941990
1920524
17330842
18294902
21622083
17583448
21810456
16154258
15279833
12827334
3369793
19602500
8933036
16263147
15810012
22788369
10736868
19020893
21803351
19075643
16466866
9765062
9559570
21351293
21961504
19914913
12899212
16235235
21524795
17533828
9860324
11600282
21872023
21587280
9600694
9192216
10898590
18711122
9266805
11948486
1463676
21486719
20380873
21491629
8406912
19221603
19750508
18284245
15135089
11832494
7767962
20488767
17928671
16835339
10064858
20014405
15386035
11921190
11285723
14673870
10444587
18787751
21873372
17548684
21714627
11323399
14760537
16617038
16414055
15598760
16079080
19863183
14713032
19506895
11217036
17412371
9353210
8367698
14999315
7735394
23889311
15898092
15734829
11697454
10774508
17328928
17253728
9920462
8033871
12243508
10806302
8975833
12688418
17357799
8105615
7767968
17763887
16184365
9288884
22256332
3152156
18845307
10511262
9363476
9525285
21845152
20003063
16102785
12827370
10882891
11114788
11718215
21147605
22155355
21787681
22539616
7721515
19430315
14587843
19722178
11641039
7866986
9574457
15604244
7990443
21468898
20870273
19221113
16307791
19107896
20557883
21461768
15280534
17107862
8603463
23101992
11958550
11711762
17530898
12820994
22542294
19258471
9101589
3392204
15864631
15971856
19299209
7560739
11859435
8504491
23305747
10688529
8907204
19653933
16872897
7550799
12376115
9323230
8631152
17624591
11196083
17583755
20658679
12844269
3565579
15292037
16924381
16293541
12919721
15258276
11532867
24221967
9200859
11045791
2979713
17938742
7955064
1394622
17035385
16479558
10794481
21691217
21985234
9138663
3213813
19521983
16835058
10511265
18628420
21229973
7745228
7951774
23286340
7716497
15532073
12834760
11936216
12400921
9291565
17931959
23899213
23150064
7058926
22386727
24244053
22913732
16244859
23658810
22079395
8743441
15629574
20709184
1306131
24214170
10190558
21913209
19181313
11355291
16293284
17257655
14691205
8118933
9804906
11600727
10575425
19922977
6659544
20096371
12595542
7091387
18466204
7537994
16083312
22807044
7716501
6769676
9655247
7363512
10753202
21915154
21627370
19559440
10491778
16914185
12074032
10546806
20334656
18940956
22609592
15468311
16263227
16906719
1456777
11531009
15726396
10649961
9828267
16966960
9566727
1400846
8706253
20932552
4006058
8685917
22562770
15322857
10077486
9282837
20143505
10693071
18804258
7889844
1692267
23031438
10744330
10506100
21626187
18463007
10866613
16404638
21909312
22172412
29033701
9525047
11137694
16966159
15031403
17445838
12738215
23208753
11477515
9862275
3127049
18826244
18245535
16806399
16406813
16246508
10778925
18980880
14615976
19056132
11774906
3824871
19523642
7858725
17394008
8319640
19095289
20064791
7550800
21193517
17449565
8429626
15760123
15178041
12186380
14870833
23229302
22588790
9752993
15471894
18843025
7688294
9764100
7687023
17604575
7716499
1362539
7894326
9200857
