12775040
9697965
16337987
3921368
7510429
22750796
15089092
10473895
15734276
21668970
16130963
23053646
21480306
14659953
16182859
15606145
11482517
11940460
11154948
1432297
23899181
23054994
16203234
1581674
827981
22004731
17589595
15542352
21851983
20691717
2571373
12530594
20426459
10448565
6411677
6434008
23618890
21665017
19403125
9525537
21344607
12676596
20089337
8703183
18222549
14966849
8187704
7953468
15379968
12441362
16263525
8920591
17490634
9496912
1909340
1903103
9216878
1907513
22615239
21700918
21797774
6125333
109143
9587783
21476350
18632132
27316864
18439647
9878591
16114233
3919789
10595720
15809109
8013129
7757209
3094462
22976994
14602522
21565681
16906772
1706122
23032644
7850381
15519386
8757236
16076757
18093177
6426410
6435547
17631943
649209
2115777
23452180
22424617
1425510
21664404
8520928
12765239
22142904
14657828
21177424
9007045
11716887
6792745
8418942
9194418
23619185
17521129
18368012
10438656
6793700
11138666
12739868
9572157
19786508
15707680
15325145
11706375
9551809
16135941
19394084
19479025
15893794
21962672
17938731
21723585
17488503
109151
119494
15589659
18941588
18719292
15686873
12631537
17639023
18825156
22364893
18977572
20096358
11097233
6775718
16969666
19683226
6402483
10023801
16765350
12694628
812580
9828305
23336921
16244432
15516123
19815845
14963712
21186023
12690495
19027927
16242275
12691726
17509640
19330584
21696632
21616713
15371227
22189045
19070886
9200862
12389902
12434227
11372890
15981037
17683999
23452794
17217986
12039686
20132952
9693840
12747519
10856030
6278153
10028686
23036451
8843553
10903613
18054906
21280203
22027556
12449328
14645167
11815763
15289169
20064788
12762077
15743718
21208638
1907125
3110384
21699966
15175172
9354175
19932013
8711465
18550560
16201671
10999346
19389042
6807378
10334636
16371417
12883090
9465259
3921361
18569566
20537684
17805422
21968773
7818287
22078547
12002477
1906267
19233261
18197307
17267299
19439357
15315812
17365608
17938741
21152889
15589248
12362388
22334129
16823400
22150420
12417482
20384379
7850376
17023223
8433185
21684540
18288320
15289166
8144231
20455569
11543949
18426515
20384378
17537484
12162858
22001220
12204824
18614165
12012187
16765419
15006510
12661184
23044514
405063
19850319
20104234
16942395
7581897
12842782
18831733
14527849
16987543
7780723
9399126
10972996
17207843
12670000
11013405
20952519
23828374
12842777
19058852
6270054
19750116
11936688
17583774
9241822
17382313
3921971
18974082
16780830
15910784
3097280
20573785
11695625
14587909
3132898
6813209
3021964
21138777
14718345
22406104
8903761
20542073
17574648
21299357
16963131
12151633
12842779
9681980
3930756
16223788
17204274
19328048
20204343
9339742
15608140
15346180
14587904
9773843
16414171
10784239
8476311
6415871
19054541
16009653
12888206
18599107
12586743
20047000
11212945
18093869
12798172
9284533
1398354
22266287
10023802
7850380
12600866
11233749
14594106
18547604
23500661
11006359
12876689
3143397
10667464
16291567
2109552
9210724
16596004
15667840
2560062
14514954
22960060
11245392
6403003
20378148
21903210
9828301
23724965
22974126
15935445
19345979
15025504
18087602
17189629
6401943
21703328
16583258
21111447
22841741
9291496
16830529
11445515
23332876
12919720
3936176
22047017
10047599
21979175
17280705
1489385
17710387
16882544
9096084
11802470
7552046
8197591
10504153
3099428
21890171
11134554
6778977
3921370
11914190
20609460
21565388
3921365
6419800
6402484
21362590
2127352
22906770
11478695
10908103
22464436
10637135
20971493
10481248
22578811
15042164
15277017
11459154
23500779
16356791
2551196
15091378
2165198
15961582
8619235
15254343
12055053
22051344
20123616
17988715
7624895
14754569
10581696
11991632
22430883
11815761
9405123
15471095
8841762
8516785
23500409
21698361
12361940
11485834
20673887
22345314
18626891
17280759
22564984
20718467
3138502
22686300
15513976
21106193
8277528
811460
11315225
6797980
3926478
9726780
15533331
18795157
23466097
16169054
17874768
16650462
23446973
19339036
10656858
8934301
18291442
17051771
3093216
20049255
18407315
17110171
22104335
21873374
15687046
23830433
9828310
1960759
8579383
20446689
17660003
16053069
15556543
9548032
12100385
19046769
2547752
3104024
18534201
23027467
11673127
21855147
10092427
17089110
23524270
16036770
9204542
7601016
15539224
21543048
18285840
22931295
12202931
9134679
18514762
15743714
12633733
15885742
1686676
11217063
21724230
21739933
17764717
6772747
21888873
9404319
12865050
15325879
18560538
18396099
17764566
10092423
9194421
18941581
15688132
2508803
16675436
12558174
8507107
18077114
16808919
20378105
22880488
17665679
21270998
15222406
10092422
20019912
10220852
17882474
15946634
21783863
17045555
3093646
22099537
15610856
11381865
22994577
19482333
14753783
2496968
20644494
16475322
22326254
21495631
15053652
16209723
6781529
10813583
11574490
19842105
11491552
18439655
17665678
9601931
20384381
23155198
9880446
16979807
23708622
18470317
20945409
23598430
22264925
14659948
8628610
18589988
10092447
6403348
16135940
14639129
805608
3097319
21448704
18627595
17275933
11266329
21187307
9366902
1917803
9397600
19479026
18503055
19735942
21359368
17250867
6790389
22790946
3922318
23330224
15091651
18474391
15331262
9599454
18834980
19773016
15205043
6785463
9451808
9828309
20533551
10642111
20559629
19184731
22546635
11732699
23555630
1433761
3105611
6804611
17365584
9358917
12519720
20019911
23134768
10912246
18718897
10092417
20176133
19560797
19590698
10699571
10048153
7992230
12727597
15907660
22817616
9870983
11065080
7973610
6799414
17208274
12948891
18569567
12055051
17617441
16406051
9860495
15336716
107126
15697172
19750113
21141999
11814327
18722600
3122671
3921366
19150735
20578718
10698477
21345762
12395836
1759848
17459649
12222776
8318765
10910120
18678409
15975248
10473799
18829066
413598
9765071
17237730
17545638
21298441
7818291
12558169
21296657
19059321
11952335
16053925
16466768
10739046
17051818
18950754
11824816
11437459
16835064
10092416
12963397
12660360
8924587
21030064
9204098
22750179
21376977
11375377
8907234
14555402
20654485
16736058
17125836
15979066
2494094
1904915
22275729
22704218
14620819
11748036
10713469
18991912
10560775
21783857
16309888
11138670
11192460
15583370
17222440
19819326
21684538
11514106
17234238
18768207
19682390
22901373
16823523
1783595
16620993
18958450
8843560
6430248
7494667
20384380
12117636
20698547
14559265
8209226
12515680
20040582
17366814
18313660
11381748
17185286
11351711
18718631
17120554
20605211
11823002
16882522
15178094
12191885
22846166
21340456
17938733
15581934
7589917
16093292
21544918
818399
20723988
21737118
15788176
10966519
7878673
20691776
22298765
15006515
8593850
9624420
11734345
8603654
20850584
20345174
21997443
9681525
1899992
11133402
14757379
18201376
22569275
22735367
16530805
10092425
16042274
3106647
18940895
15121506
11888842
22187485
3930667
100158
