21527603
23430180
21696718
22421452
17637918
22986106
23168567
15322794
22923660
17589594
17976571
15859620
630703
19733116
6132798
459718
15081935
22760436
20605637
21477864
7394782
24349678
15477743
21272909
22643239
19165392
6880148
8314612
21900077
20600714
15995852
17107868
16970347
22832070
15664359
8333024
20701950
23087593
22596068
11017896
23429708
12596868
12003755
11761117
22273727
18067563
11393717
18709157
17610953
6695399
19270786
8925107
7140697
19892364
6113930
16466535
19344077
18322279
15647598
22252281
17881770
21440837
7115078
18829104
17107847
18194284
11993803
17536764
21371937
16332407
23041310
22348465
15579421
20600290
17695894
16763069
18044544
19748073
12742130
22732598
7492723
20352652
18097680
16004980
20147336
18949837
11093005
14998748
18774129
19694994
18335100
19251754
21983396
19528058
21575223
12842768
22054055
24862519
21030064
19277068
723479
18414628
21349512
12859026
19615938
8516795
23270838
15362453
3220221
18602967
15147118
432924
18570050
19127283
20368132
16041606
21999102
22612475
22884473
22206277
18245401
14713552
14576974
19549552
6520150
15121520
16637905
20797930
16263692
12963402
918985
16603434
20308033
17137629
23510960
21883262
12610705
22262702
20633195
16966100
17182278
19375452
2027336
19585553
23443238
12908941
23213291
21684541
23959011
16171919
10416263
16325559
12437285
19394271
15954088
20194078
23078849
22238399
21538406
23641808
12832380
22498808
2274965
21673306
19919614
19272594
10402764
23647612
17889607
23626820
16882519
21621774
17366830
19874833
15513902
9784668
17499416
19746723
23333816
14594621
16020175
18715556
10696765
14998749
20354564
20951405
22703192
21749963
15639459
14594632
21429484
18070048
17361019
6548067
12705982
21841806
18602795
16140631
22796563
20822678
20077217
22428786
16079079
18640725
6485020
11357523
15848759
12566679
22795704
21995786
9142038
3289468
18545098
17997365
20920559
8666721
22245847
22472009
17400024
21820855
21440302
15022035
15847671
15951666
16697098
20621847
17185035
19144960
17765308
15371270
16493179
16374941
22963843
21783775
17090632
21075419
647906
20227070
14760016
18790687
23399322
21955883
21450549
23040987
15280519
9852407
17583543
21621210
11486831
16102138
19423389
12504195
4071004
16979278
18684505
23142467
17822133
17462807
21889907
21737372
7222199
6498339
628318
23394847
16059725
19828186
22085025
21298484
20010977
19948620
22251514
21406311
15893743
21764513
11049818
2859109
22178135
18640709
12456281
15064163
20198640
22147431
16078637
23234290
10994974
12655036
21389346
21429583
21524797
20123604
847759
20592772
22222007
12869118
23437242
16125560
9276647
21597090
19729343
15840426
14574443
21188579
22197707
21701833
3709456
21696396
17543380
10089298
23416250
21395215
15700144
20019910
15072788
19555962
8194121
15345350
16961572
20803214
15297022
19433267
17704099
21434628
15591081
9017619
17049806
21783974
20870567
22113848
22967065
23040990
3988859
1868266
22354176
22537080
16171971
351859
18948546
7119075
21854843
21534504
22669498
17343970
467574
18824263
15113553
22484512
1146280
4049487
16484133
6703327
19059903
19811803
11940459
23174424
14998681
11958
12083265
22027561
16263507
21594692
12662212
22277248
19330368
7245717
23314658
22320716
10506015
20574658
23090363
22677342
19245819
20008419
12700402
664570
21893441
20686649
58987
19010379
841679
17098345
18522739
14758462
22511701
8889033
20185384
21704685
16759976
16996189
22472124
22858127
23261794
17003688
