23500409
12530594
11993631
7583025
18470317
23134768
10214714
17280705
12002477
23627713
11372892
23062831
16356533
20299071
22994577
21186023
23676268
18669171
3921366
17215018
8600289
20872699
20891013
21458022
18602159
20564999
10365432
15626377
15331262
10028656
16987543
10583118
12690495
18969545
9776780
19850319
17761285
3926478
8815746
9508735
22579452
11372879
3343772
11417873
10620519
10390849
20850865
16407087
10845781
18093869
16497357
16076757
16823400
15876389
22750796
10810104
20455569
9134690
15006514
7581897
21979175
18722600
22004731
17234238
9451808
15764532
9577932
18368012
17208274
18514762
15893794
12040109
8910931
18678409
9599713
7983676
15907660
1898530
413598
22806962
17631943
14659948
11345736
9828310
19717228
19345979
19150731
16529794
17217986
20378148
18715608
8187706
9726780
8563846
18474391
22704218
16412497
11116349
18974082
12222776
8920756
3921365
17113646
8930103
12963397
20537684
9258707
17426737
16616371
12648480
9828301
8507107
20886642
19535140
10739052
17084884
14963712
18442847
19559461
9828309
16455615
21890171
15298188
18589988
16213641
22686301
19641944
19482333
9210724
15581934
21962672
15589248
10028655
18569567
14659944
8255162
10834297
15667840
9599721
10739072
19455360
11514106
19118865
18599107
