22406104
18786695
18978342
19217641
18589988
16580039
17637922
16331726
21783878
11055623
21658843
22311549
18183045
17109919
21491934
11999787
6299210
15805045
20664651
23506475
22572169
21663902
17079016
17256492
17617441
15121506
17702599
22819883
17521129
23582134
16564120
205565
17239850
23434819
11437459
23121987
10417362
15516123
19540593
21783486
17711197
19664822
22704218
22192581
20378148
18762292
18335096
18977567
17804034
22682894
19339036
6305904
17618686
18941581
18522133
23500394
22578177
21348481
21174975
18087602
16949631
21793581
16203180
18599107
17874768
15053652
17482428
21270998
15589248
16882522
20504038
23075377
17257644
2443083
18501952
6285766
19111055
22760441
14998004
19921894
17023223
22814209
20077203
18958450
3030994
18351120
16082965
16124294
21112068
20864231
19781992
17698168
19079722
22236587
23724965
11482517
21878423
21873374
21468638
20951435
223695
17162494
20204343
209972
21890170
17485077
21495631
22771521
21059472
20686340
19499968
15902483
21478060
21565681
20103495
232713
18439655
18313098
12547481
10656855
18466040
18335110
19269001
18186101
21715241
17204274
14754569
16414171
20049208
15488571
21498147
17448678
22847182
21376977
17120554
11712998
16524616
17366822
17964055
21106438
3030592
17710387
22707201
22668079
21255843
17993135
11294977
23498664
22763040
21663933
21737118
19165393
22345314
22125915
11999794
16530311
17035146
23708622
20346480
17426733
12380070
17396645
22105974
19178930
18599108
231083
19897300
19682725
20447676
19931910
19682390
17948778
21715243
2992920
21030064
22619485
19772742
23416744
16120752
232874
21984658
19544851
18606435
22236635
6270054
223694
23619185
18022659
6245485
21186423
22142821
19211133
12850099
9647899
20375078
6304939
16053925
20609460
2551196
7768229
20079522
17035135
22327115
22230173
16650462
19031918
20444483
18330785
195365
20540541
22049977
21953308
21821059
20521814
20471317
21550663
15369322
19022362
209978
22088798
18320132
17000572
18218189
22572111
12842781
22819984
18411489
15556543
20609475
12842779
14740711
18804904
1965165
18554980
22277921
19075460
20056561
202619
21124237
19750114
21739933
