8590160
6849775
10576426
16462012
15235318
6776758
20857123
18341668
18811695
15602583
20579552
17061963
19709390
3721750
10857967
20616162
3581682
7519332
21912349
6320987
6722646
2318561
14598874
22826134
8112716
16309378
21781123
1934468
7234682
24647388
15121737
15031172
9665370
12133054
18589198
15682646
20546261
21725144
975546
8892170
22262702
21619649
18602700
16726844
19707251
23269579
17575400
23031429
16752241
10397670
3215236
17087902
23167532
3363020
7736747
3620550
18325180
8633780
3589486
6894687
18681858
2970920
1192590
23281178
10456294
7308595
8878778
8827375
15659568
16117727
17681686
721919
24788433
9644041
9986862
3291934
8739821
16285670
9589241
16420345
10667467
8266008
3907645
11239515
8836394
24586694
9861320
2794876
12502213
18584222
21177424
24729629
23163519
23056354
19561596
517978
12895197
19796209
23742059
7444930
10084063
19661824
17382512
7119919
8582604
9622336
19052483
6509769
8017691
20135215
18706090
487563
3625757
22527539
7173293
23669282
21964677
7826699
1583545
3100177
23461877
15579421
3187202
24287088
8643532
10479194
24685533
11696810
10964528
18769017
3381229
15189475
8871378
23770423
17088483
7913004
14534785
15494042
268805
7894666
24205978
22677264
10897058
17617035
7319874
19318317
19353664
8783460
10053036
9784945
11120401
19618451
16419108
562728
8697586
21810024
1571210
19030771
20077946
19552997
10851383
8191417
23426953
20804806
18288314
6721588
7284051
8974187
9348547
8013892
6136413
18558431
8833714
22177160
8245358
16389648
12231980
17065680
11966740
2371927
2456690
12352933
20725122
12461692
10378452
7717319
3416560
17937953
8672602
6882289
10428309
7725375
10362196
9365861
15948137
22384524
22425021
3739083
2207787
9211141
17411080
11738394
19962488
11093049
10199358
23000417
12003755
17376155
20717002
24843385
12604577
9076410
22884130
22426018
24420746
634758
23215888
18514196
14971618
7159498
22742877
11414664
7497874
8621758
9482498
19700656
10769057
2678659
7465159
18223464
17331614
12112515
8034361
8277032
22987807
22511133
21530305
24054555
1506133
23307173
15555494
19583678
16766390
15835745
15613715
8737762
16791613
2595741
20610883
7307251
9158832
20955263
573186
11563428
9284720
1787258
22246715
18824382
11393638
7541527
1446894
17488774
8200920
6343014
19525467
8009197
11334896
18949492
3056473
21868743
12676187
619945
11318805
19406919
20817379
6892253
8340829
22997342
3841157
9517622
9814471
18078200
6635319
17021814
18810229
11247111
3444525
9796633
9435415
17852086
21334053
22395811
10208255
16494601
9093375
22955064
9142581
10739001
16440528
12620436
19175458
20131322
17520057
23975735
22308161
17087649
709508
921742
2715984
21654163
3168217
22147431
9571304
15866065
15972195
8836872
16521167
8914280
8672740
1518726
18641558
9815239
9783933
7006196
23174619
8138236
23403374
18165573
7371399
18052942
7555475
24375479
10389726
16644713
9182832
23359251
1305467
11140376
23552363
8653905
18181248
23700326
18162487
1024769
9021827
7489838
9704261
23775390
21636082
8836708
10472227
1752108
21488580
6181932
17261277
24170744
18274881
9054643
18301311
23611168
3948849
22104336
8181199
20502492
3328647
19704027
22159563
19470619
20578026
12711255
19539742
7734905
11071695
18591386
24022669
18680633
18793344
24316320
2607325
23840293
17906396
24161445
14976446
1765134
17958538
22713774
2946586
12675874
10691057
11295882
1563981
22364054
7596663
8225622
18325259
9361874
7549412
6115663
20373395
21996199
24127543
705833
10547145
17964720
23868682
6380287
16755268
17013591
21839523
14639051
16140073
11273879
19252347
23071500
1387153
3850008
17552958
10926318
9192940
8131283
18569962
9213370
16672429
17667792
12116094
8836958
15018021
8220084
2384766
24597909
6697726
19222884
21349675
8332846
10705102
12034625
11182109
10234609
7645123
11475416
19545906
10879994
2573178
2725278
21900044
23187319
17426735
17061074
22689697
996157
16543526
2179591
19481673
4006180
21182146
1450132
2622138
9409253
21475956
17508518
10888531
10613337
20697817
2030487
22490468
11022852
22386391
17635073
21126025
641769
23476681
21884557
19690867
9631847
11177064
792349
2524338
21613795
20007015
23261412
15714087
19670351
18539548
17426744
3583550
24910946
17243135
6290498
2648641
17956875
3603435
22375030
22186717
21543086
11805003
2097177
8889952
7375149
3360006
11553061
7458057
23419639
1499257
173464
8990236
900084
12889688
21705888
533223
6636262
12070627
28307
24475176
9291457
19713273
24952476
11745943
7775102
7713278
20200734
11272501
9300984
1586181
16244301
12564593
8894261
3799540
24256362
8916112
20073673
12413985
22271491
20047618
8739819
23628113
15206987
11440961
20361965
22277088
2774630
6430439
19191725
19669151
16697849
15570188
21104126
20562509
9602470
854247
21348878
18832120
17335790
9115067
8896895
22617648
9175851
9539257
18641538
3986386
16479178
9168003
6238520
21700921
24246851
11553241
11339489
17549040
23054869
18422857
15927063
12163335
9111259
22137908
17169310
19639308
402244
15098218
24356018
11702105
10688956
18775420
17334762
18655779
17933217
15340359
18987531
11131029
22383344
10689549
22383746
28548329
15170801
22593600
12220015
19863459
17284459
18395868
8062570
892604
17269867
15280836
11065225
8858403
1660444
19110583
15388242
23950212
6758015
9003506
20146056
7148814
23879395
12112496
23447656
12590174
15637756
22552800
12595745
24090583
19019182
7697143
23733276
15656654
22644860
15513318
8547832
12587678
19952374
23024753
16580675
23969014
16862741
21593353
7819111
15965309
23839661
11299098
17164689
12105257
17083063
12808704
17068167
1983898
9626682
1421035
16143321
15978291
19695621
24526611
10652955
19337522
15743330
15881522
19402183
24280472
12873728
14526262
17384010
18813024
17651673
8862296
16094559
3956835
11068925
22173156
16266012
2642110
23235974
21317677
7332527
10067812
23286947
22438182
15051607
12048051
16575741
8792769
23712608
11247330
21084747
17061120
22872991
22511696
16396510
8412735
15890831
16156311
22005059
15708458
6131144
15173722
21209025
19545738
19896912
8800883
20141636
23526593
2784013
17148467
8674224
9824406
23619923
22166811
14715379
9554649
6615247
4035649
15453896
10203561
14977767
1634936
9375343
10878053
4051149
6993371
20398067
10775814
1782917
9496462
6805252
7601596
12453970
11676615
10600413
12451288
1389939
18676131
7856878
24397875
14667473
11432711
8259490
23887354
17397339
20191581
23270744
17032811
19843328
7767968
23639251
10431553
23711692
16765117
14527094
15585207
20452083
4005121
10606221
21793711
20607333
22620691
23404296
24727068
7485816
8559604
19035662
21035886
21584885
3359662
15118445
15963126
24133175
22641612
9481536
23683133
9108783
17436171
20434581
6197077
15812203
8547830
20371811
2611810
17609399
20600707
16485697
12211581
19064561
2364672
17976571
6414186
22687835
16060836
8505774
17060087
19583459
19442725
11477322
23865070
6631821
22336969
22227079
17162498
15113970
9741617
17610805
7688533
17550927
1476303
2705838
19617419
22223168
15640257
19157817
7408415
1780113
1164787
971715
20731200
8612197
2859203
7041922
16092050
19463991
9663926
22531332
20408189
18443178
98238
3600202
22378175
1426381
23443986
11564620
20437328
17144793
2317402
856489
2016450
10738929
23052012
10794337
1576838
11339188
914130
21276024
2533470
22005413
20042876
16889124
21699408
24743892
10365790
24166085
24429365
12917171
19064556
11193230
21713573
21406337
2257861
18716378
3929586
2543838
1676938
10785289
2959434
19351336
23103988
24034514
8065711
6849779
23151460
20416966
2778091
23106694
24006202
22714977
12604531
10794485
409064
15284095
1749667
24553996
20664701
19434419
19740040
2383159
71668
15126552
7882510
3254103
18929499
11174594
1823075
3947477
2403070
22464175
9243385
17324668
18219092
20024930
2815227
542070
15370870
19211819
7458679
23469879
20705785
16594139
18618412
681998
17621261
22517028
19261816
15163250
19123434
11844630
4018931
12381637
1572757
15784406
20026020
6869512
20846104
1267620
16044104
2293336
20978689
19321581
17376251
1133455
17027360
22644684
9372284
8362814
19341701
7438424
26663494
23396963
11540999
711832
10027663
10234596
12189194
10380374
22445826
16871057
16226042
8560664
12037112
23958401
3338186
4009128
10563712
1515566
23146371
15947044
12529750
15720970
11170853
6726638
17437510
24001412
23862764
14982792
1271126
23198723
14599607
11205491
18569604
16371390
12225475
6407807
12744774
20110543
15613711
10357746
1538439
20149539
8889623
23349064
947964
18925616
2372940
24599625
20423571
11880072
16484134
9420821
22156382
11925406
2073857
19058974
18493793
9211138
22996238
11516068
19591948
21323913
9730845
9219059
22110577
9339416
334792
9290870
21775523
8139265
10064865
24401724
1067732
23370406
18025029
18976308
2025521
23110308
11102739
8504530
20393353
6401880
9127466
19733159
10750575
24167004
18076356
15843239
8033787
9444568
10964034
16325293
3171696
9093009
20856100
9494706
23613975
19878150
8149693
12917214
16908443
9215756
1960252
1234504
22253695
3099604
12679390
8845423
2398829
11828256
3967457
10508133
9676390
16990427
20734371
12628868
20086315
17578484
16395558
15238568
23639731
7207028
3662388
3951216
23136945
4006669
10836480
16391581
18000476
19764780
9088580
7661119
16542342
8035291
20412595
17462619
21607483
8014356
23046266
12614973
15122795
17610526
9575965
23002133
18175371
1338358
22791020
22591781
24808487
6171859
10072624
12390140
21160175
22754343
9561360
24056150
24119714
1563878
15962178
12745741
1466654
1390116
17506866
19154505
9286154
20099341
17889132
10783054
15080567
20416131
23038020
12552081
22178064
4085476
6881230
19091892
17625818
16384894
23371821
18426439
23943403
24548793
10098588
17507629
20427236
2359568
15695778
24212365
23399803
22918750
10420031
16207956
17923241
11602764
2937302
3075275
333094
8922302
17365739
18259109
19534781
17705692
8883002
11677002
20152999
14633920
21641664
20224872
22560393
1563561
20525931
18191268
12019954
9676389
575526
11239219
27405830
15016124
2702908
12031142
12601091
21439303
20668427
508510
1512686
21992070
19277068
20047534
9225798
8830064
18006947
12536267
6740737
21343245
722206
10385149
22853196
11984698
10084563
18179502
22692581
15754204
17579205
10201655
12376503
1087829
21205581
2720969
6404580
18307459
14754661
9831629
22975199
15167626
8469156
16014408
14722778
16534007
9829304
18579458
8763051
24627127
24520971
23647320
15065187
17928473
11003253
21040278
18767555
10412957
11907716
11205490
23855648
17223856
22721761
11741350
3061772
8228741
12115922
9659273
20134204
8807022
6353472
21298095
24429430
19716606
11747002
21917384
21479614
24336032
443176
23116430
11937282
24407040
10822282
7953260
11958683
9179097
12955160
6190225
14751995
11872616
9851800
17054477
8330545
17189218
20027043
20943799
21192255
1839986
6439730
3743312
22030158
9819003
12218709
16517424
17851812
11074241
20828415
2719368
9575820
17119525
11990915
1582028
8899859
15784410
14764131
11283081
15545313
24238939
16999842
24061444
1103265
1639999
17385022
23234290
24627303
23746264
8220096
22802952
19781720
22370591
1917716
9496343
7114269
23387999
17027294
2383160
21735507
16990571
20160738
9108653
23374096
12624607
11511940
22761110
775042
16043933
17026842
9487329
8466269
24747427
22344247
8113535
11380969
9122999
22028910
9118830
19076059
10792196
2459831
1141710
640814
20886203
17598965
20165888
22564866
1898109
2970925
8545842
10051058
7094936
19559463
8901792
9695181
9710108
3812223
22131389
22440459
17316092
17978310
566015
19580403
22795932
2053125
24189203
1864782
20852432
20456717
18551559
12151941
21136207
10859441
7889607
23794256
8633399
14970993
12717065
22791038
17507621
8498292
4027934
8915556
23056262
12185556
23388668
20059902
21136885
10370761
15196871
28631
12846551
22304021
15586297
9136202
7981181
19843676
12752559
11415492
16132934
1149258
18000615
9146851
21787704
20502476
20064020
1003443
15665389
11164983
7074881
22251842
8284261
22855304
11148812
15744026
11584098
9602621
8038025
8914282
18708375
21128841
18775566
19903293
22013019
8791186
23813017
16761824
9806318
20387135
18641553
24066622
15049982
12915501
21083700
19056105
1863524
9576151
10335880
20833938
1579405
19076727
19378232
23431399
20332276
19693956
1036355
6146373
7542406
21864522
2495738
10568197
6375928
4008212
19940349
2861602
8770468
16702379
21475959
8118386
11571598
23403876
18223472
8571075
17298573
9550566
446919
8864402
15822578
23884622
16511813
21698256
2586953
22437553
24323556
18235981
22969081
2970572
8817130
9888770
19196217
15898984
15193988
1563248
2718218
22510294
11777751
1877372
2910813
24409280
6397248
2774866
19324369
12565993
8947989
19410974
20455885
21943852
15543538
9141520
23547300
7614685
383746
21697031
9438475
23443754
8118385
18047415
1456520
10743968
16503254
22384980
10338438
17548700
6684513
21497247
12713605
23885829
2380663
19097222
7165313
20640409
227431
23750642
8840660
19032568
15754837
16176881
23380125
12559603
21626203
6645508
8227891
8005191
9209930
9106247
19327330
16860512
17100942
2427476
2030583
10630611
21787893
2677415
19787805
7565914
12698233
1535737
21175266
24451016
23583909
24046818
8836372
10097916
15069438
19455341
14731213
17161400
16406182
12640314
10842032
24034517
24709324
7858690
24055270
17472744
14998750
9766929
24120597
8520635
10383074
9673693
22054035
19382156
26238755
3036671
4089919
871314
17530217
21597728
1287208
9059950
22505994
24030695
12204427
8994774
18640153
6527258
18419369
10843184
8922301
1261513
10414675
18298636
11208673
22842107
10631623
2034888
15713966
24192612
8567826
22632069
8032828
6733450
14989797
10447417
17988658
18059422
17924539
18380793
15054404
9307531
16466768
11457470
19653838
23028140
7343166
12703679
20509833
18469272
20117324
21454350
23467102
8429271
7163977
1108567
531218
1399773
22438361
24767621
22008440
977723
12559610
3756889
21655281
6417030
1033448
3988361
3826046
8210974
16733495
7478680
9158957
15020568
6685436
22508978
7398307
9626956
21764327
170024
21960503
18300693
21796472
20643721
8334805
20954207
6653606
2286752
24846903
23759148
19822924
8906083
17313546
19043929
9408811
14966771
12670522
3148472
3958848
7213507
21343492
8747517
12843173
17848381
18160203
17177163
11015344
3353395
21521023
23889114
23932849
22354176
22701622
1895965
2392653
17700358
10235133
8576876
6505643
18480106
16754536
3036879
9546804
8721775
17882397
23966505
818102
9694029
18218644
23759298
15642076
709770
15649048
2731377
15556536
22523182
21383647
17291661
11331846
21397293
18705566
10691153
21316165
11815414
16697386
16614101
10839908
21728074
11288134
3769373
22815544
15327743
7144239
23809503
23313293
949844
19481329
11852196
12202717
18006938
9475294
12817986
8698293
16149023
14572876
19561165
17466735
9134053
22669498
24086088
1470831
8966837
15526860
15040899
11314868
23623643
1521464
9708522
19081403
9132481
17985503
15961269
10809809
8080716
24832575
20797930
23942273
3324972
11606021
15451616
19848603
11682636
3611781
7801340
17554110
16161118
8740325
1361261
1889130
14982983
6853833
18940131
10048549
12843035
11746278
15313319
8611954
19854482
17540272
23512357
9524841
23862738
8958225
9641707
22763907
9647339
22517196
21845070
7444355
12636929
10360670
436921
24475090
21548121
8020270
341103
11097235
7678506
10359151
8709301
8478403
22516433
