
------------------------------- TF-IDF TRUE -------------------------------
n-grams(1-1)
df		 Precision 				 Recall 				 F-score
2	0.7289285714285715		0.26208333333333333		0.3752093076006119
3	0.715465367965368		0.25					0.3425663456757816
4	0.7644871794871795		0.25583333333333336		0.3672945110412909
5	0.7461111111111112		0.26916666666666667		0.383673122199438
6	0.7945238095238095		0.23083333333333336		0.34705797858981324
7	0.7558333333333332		0.21125000000000002		0.3163489606368863
8	0.7973593073593073		0.28125					0.39731414554943967
9	0.7673015873015874		0.19791666666666669		0.3000627784294496
10	0.7642748917748918		0.2879166666666667		0.39865501829898115
11	0.761984126984127		0.255					0.37054275468328507
12	0.7492063492063492		0.2754166666666667		0.38569215122533207
13	0.7850793650793652		0.2695833333333334		0.38780936297964164
14	0.815399877899878		0.28208333333333335		0.3919963994521577
15	0.8047619047619048		0.29500000000000004		0.40833460656990067
16	0.7768253968253969		0.2754166666666667		0.39334286765865717
17	0.7583333333333333		0.24208333333333337		0.3474488256841198
18	0.7872619047619047		0.2679166666666667		0.3896947636650153
19	0.7999999999999999		0.2754166666666667		0.38980704844280023
20	0.7313888888888889		0.26125000000000004		0.35972577599633726
21	0.7278571428571429		0.24375000000000005		0.3595754207653521

n-grams(1-2)
df		 Precision 				 Recall 				 F-score
3	0.7190873015873016		0.3470833333333333		0.4549609379818282
4	0.7868253968253968		0.3458333333333333		0.47249687993166256
5	0.611074481074481		0.32083333333333336		0.41572490677738055
6	0.7833333333333333		0.3016666666666667		0.4235458706053672
7	0.8273809523809523		0.30041666666666667		0.4207209165103902
8	0.7825396825396825		0.32708333333333334		0.44987665474621996
9	0.7540656565656565		0.3070833333333334		0.4232163456511282
10	0.8223443223443224		0.2679166666666667		0.3893697409668372
11	0.7349206349206349		0.23708333333333337		0.341914140734305
12	0.7976587301587301		0.2816666666666667		0.4025949326544292
13	0.7209126984126983		0.28208333333333335		0.39696102905485053
14	0.7505952380952381		0.2816666666666667		0.394948345831641
15	0.6520238095238096		0.23625000000000002		0.3437428056306775
16	0.815064935064935		0.3070833333333333		0.43534830708743755
17	0.7674603174603175		0.2816666666666667		0.4042996820113525
18	0.7821428571428571		0.26875000000000004		0.38670264361205264
19	0.7876984126984127		0.2883333333333334		0.40751039248064413
20	0.7883333333333334		0.275					0.3896307345904869
21	0.7157142857142857		0.27					0.38348820668271466
22	0.800436507936508		0.29500000000000004		0.4198629148629148

n-grams(1-3)
df		 Precision 				 Recall 				 F-score
4	0.684047619047619		0.35791666666666666		0.45783816910324615
5	0.7577380952380952		0.3645833333333333		0.4766704310182571
6	0.8105339105339106		0.32666666666666666		0.45294041867954904
7	0.7318681318681318		0.3258333333333333		0.43757697233196324
8	0.7267948717948718		0.28041666666666665		0.3832736313186831
9	0.7680303030303031		0.2625					0.37472766884531594
10	0.7566666666666666		0.2879166666666667		0.3997987626408679
11	0.748864468864469		0.2941666666666667		0.40888150707057036
12	0.7615295815295815		0.27458333333333335		0.3811536796536797
13	0.8224358974358974		0.30125					0.42479327362172314
14	0.7712698412698413		0.31958333333333333		0.4358480985071374
15	0.7452777777777778		0.28					0.39581203007518795
16	0.8212698412698414		0.29541666666666666		0.4171799039565899
17	0.8085497835497835		0.30083333333333334		0.4226547043938348
18	0.7842388167388167		0.31375					0.42901572315302294
19	0.7578571428571429		0.25000000000000006		0.36366527192614145
20	0.7851190476190476		0.25583333333333336		0.3714064330398965
21	0.8341666666666667		0.26958333333333334		0.39434146961606914
22	0.7641666666666668		0.2808333333333334		0.39192115410650885
23	0.8325091575091574		0.2945833333333333		0.41870273077847314




------------------------------- TF-IDF FALSE -------------------------------
n-grams(1-1)
df		 Precision 				 Recall 				 F-score
2	0.6395709845709845		0.39666666666666667		0.47664947553385695
3	0.7466849816849817		0.40374999999999994		0.5056848848303122
4	0.6582414317708436		0.41500000000000004		0.49130237079262573
5	0.6267857142857143		0.3641666666666667		0.4382524677510868
6	0.6799603174603174		0.32083333333333336		0.41975148014964947
7	0.7216666666666667		0.3325					0.4304025397733837
8	0.7474703074703074		0.39625					0.49665851956459584
9	0.6817316017316017		0.33208333333333334		0.42416407256762617
10	0.7184415584415584		0.35791666666666666		0.4517214756100576
11	0.6850638740344623		0.3770833333333333		0.4639636351444132
12	0.6959740259740259		0.39583333333333337		0.4825792979460168
13	0.7211796536796536		0.4095833333333333		0.505120454330173
14	0.6362824675324674		0.33291666666666664		0.42504048568179
15	0.6667460317460318		0.3329166666666667		0.4311201496026181
16	0.7031547619047619		0.32625000000000004		0.42612598044806277
17	0.6655952380952381		0.3258333333333333		0.4258923274014438
18	0.6671717171717171		0.36416666666666664		0.45911928573218896
19	0.7054715219421102		0.36416666666666664		0.45691143943775525
20	0.6781859806859807		0.33958333333333335		0.44078121179170654
21	0.7432492997198878		0.35791666666666666		0.47247969421882463

n-grams(1-2)
df		 Precision 				 Recall 				 F-score
3	0.624258658008658		0.46749999999999997		0.5181787824932986
4	0.6572727272727272		0.4729166666666666		0.5382172080851163
5	0.6695237657079762		0.45458333333333345		0.5244168897472568
6	0.6629792429792429		0.41					0.49246842583292005
7	0.7044677544677544		0.4345833333333333		0.5256743015047098
8	0.6994318181818182		0.4341666666666666		0.5158278070853034
9	0.6594588744588745		0.4033333333333333		0.4831926849318154
10	0.6806302521008403		0.39666666666666667		0.49340297383775644
11	0.6781532356532357		0.38416666666666666		0.47124175790892425
12	0.6774972688130584		0.41					0.4942724287207046
13	0.7041677276971394		0.39125					0.48701457640588075
14	0.6496229260935142		0.3708333333333333		0.45982752418884354
15	0.7207142857142858		0.3329166666666667		0.43527018196502654
16	0.6725891265597147		0.35208333333333336		0.4455356527530441
17	0.7108208020050125		0.39583333333333337		0.48138505720553404
18	0.7399494949494949		0.3845833333333334		0.48950103027596636
19	0.6828679653679653		0.3766666666666667		0.4740674710983267
20	0.6696987734487735		0.35125					0.44910279535279524
21	0.73328111946533		0.37083333333333335		0.47765292678336146
22	0.724040404040404		0.3779166666666667		0.48042857142857154

n-grams(1-3)
df		 Precision 				 Recall 				 F-score
4	0.684576479076479		0.5308333333333334		0.57937762986551
5	0.6820075757575758		0.485					0.5529717124825819
6	0.7015336134453781		0.47416666666666674		0.5476578202556464
7	0.70090654959076		0.4229166666666667		0.5123651878134636
8	0.6562214247740563		0.45458333333333334		0.5217354497354496
9	0.6772779997779997		0.4341666666666667		0.5148564416945227
10	0.6630044955044955		0.39791666666666664		0.479887865757431
11	0.7154906204906204		0.39125					0.48318717460580435
12	0.668345864661654		0.35124999999999995		0.4442647656606467
13	0.686033834586466		0.36375					0.4591412050107702
14	0.659448051948052		0.4287500000000001		0.5026678771253216
15	0.7236671223513329		0.42125					0.5072988605597301
16	0.6506850175967822		0.37125					0.4586567690180884
17	0.6822077922077922		0.39541666666666664		0.47722467714229727
18	0.6769047619047619		0.37083333333333335		0.4575916383811121
19	0.6870238095238096		0.34458333333333335		0.446717566678296
20	0.7350252525252525		0.3775					0.4860415486544518
21	0.6978538128538128		0.3716666666666667		0.4704295996760087
22	0.7083333333333334		0.37125					0.46570674423615593
23	0.7125248281130634		0.3641666666666667		0.459647460091396



