
------------------------------- TF-IDF TRUE -------------------------------
n-grams(1-1)
df		 Precision 				 Recall 				 F-score
2	0.1498408900904385		0.7079166666666666		0.24060446027945576
3	0.15415349263027914		0.6633333333333333		0.23230020420583633
4	0.13837660264977558		0.67		0.2217071408294109
5	0.14569324915373855		0.6829166666666666		0.23020747054552165
6	0.15661271188707934		0.6704166666666667		0.23588825560819499
7	0.1573610795102023		0.645		0.22919254274782638
8	0.15513875609286643		0.6645833333333333		0.2327067292394192
9	0.1608969026748835		0.6379166666666667		0.2393473995973109
10	0.16674925361441356		0.6445833333333334		0.24057825836771451
11	0.1572950022641924		0.6508333333333334		0.24279031614582483
12	0.1666169156608132		0.625		0.23893161837053314
13	0.18134241459285666		0.63125		0.24535552488073759
14	0.1702242301986582		0.5787500000000001		0.23193094372477238
15	0.19241133636291793		0.5858333333333334		0.23479677345683897
16	0.21717774847812654		0.5525		0.2226429285784278
17	0.1991295747494489		0.5795833333333335		0.2391622027434152
18	0.16952506582236776		0.5454166666666667		0.2267477562418597
19	0.1605424344299459		0.46125		0.19984051920900153
20	0.21170232576653686		0.45583333333333337		0.18530869814796921
21	0.2149372493165071		0.4304166666666666		0.18758361964000497

n-grams(1-2)
df		 Precision 				 Recall 				 F-score
3	0.14209912533823954		0.7270833333333333		0.22868513460261358
4	0.15345846486352527		0.7279166666666667		0.24253455168603993
5	0.14971899243237266		0.70875		0.2331996190095844
6	0.16131503364418703		0.7279166666666667		0.25025019582186747
7	0.15862500970901663		0.7020833333333334		0.244550377443547
8	0.147972845412656		0.70125		0.237931498866568
9	0.16987034936741302		0.6900000000000001		0.25045588251110884
10	0.16746144053700443		0.6958333333333334		0.25420045112149203
11	0.16698045972537257		0.6766666666666666		0.24307824965248934
12	0.16430236499379017		0.6895833333333333		0.2505275495328036
13	0.17765120125804895		0.68875		0.262577094004146
14	0.1882458542654915		0.5983333333333334		0.24275390967871263
15	0.16878541666659672		0.5787500000000001		0.23059421712949074
16	0.16529466924679131		0.5595833333333333		0.22375276885144632
17	0.15601744937362444		0.5275		0.2127328117264781
18	0.17983666602287313		0.5008333333333334		0.22377934392922955
19	0.20778302628583023		0.4179166666666666		0.17866128833927764
20	0.21703528642318037		0.45583333333333337		0.2104700276880728
21	0.22700409968972965		0.45041666666666674		0.22857062906699363
22	0.17577978377446035		0.4304166666666666		0.21187319131933

n-grams(1-3)
df		 Precision 				 Recall 				 F-score
4	0.15746596819009123		0.7025		0.2381428078640177
5	0.15150342110613957		0.7537499999999999		0.24672456871444695
6	0.15629971606342408		0.7150000000000001		0.24464761013192451
7	0.1578181065903704		0.7404166666666667		0.24361247814521186
8	0.15126051238281757		0.73375		0.2442111618203177
9	0.1625547816247533		0.7150000000000001		0.25548649506911797
10	0.17014122219780953		0.7212500000000001		0.2568198726820717
11	0.166790907153079		0.7025		0.2540406707095556
12	0.16398743251598005		0.6895833333333334		0.2471222269106134
13	0.16470185526616382		0.68875		0.25255865968689334
14	0.17794861117189847		0.6116666666666667		0.24429734738471773
15	0.18787088041851732		0.5854166666666667		0.24398129843714025
16	0.1657203226687619		0.5525		0.2227326473625753
17	0.16954424022453382		0.5399999999999999		0.22168429177971713
18	0.1800833120368004		0.5070833333333333		0.22205974005466184
19	0.15382751731043282		0.4116666666666666		0.19068401433095866
20	0.23083199237141666		0.4570833333333333		0.23429772104680305
21	0.173394205592507		0.4179166666666666		0.21007565281628246
22	0.15443271986551554		0.43083333333333335		0.19309333837475626
23	0.21905010278019268		0.4179166666666666		0.1999369681474593




------------------------------- TF-IDF FALSE -------------------------------
n-grams(1-1)
df		 Precision 				 Recall 				 F-score
2	0.1696877196877197		0.6425		0.24147858378788484
3	0.16606678203313394		0.6762499999999999		0.2484254735306958
4	0.16996349380406842		0.6895833333333333		0.2529095130950935
5	0.17681308366922738		0.6641666666666667		0.2499168538653469
6	0.1811499602968598		0.6629166666666666		0.25612637598567767
7	0.1832989464284657		0.65125		0.25248760893246186
8	0.18832934924597639		0.6766666666666666		0.2629396908915812
9	0.17918225672136331		0.6179166666666667		0.2433243456157368
10	0.19020146483134936		0.6379166666666667		0.2566841604232075
11	0.17890854658115538		0.6108333333333335		0.24280731724737814
12	0.1861848005640149		0.6116666666666667		0.23863973373674888
13	0.1654681669669525		0.6058333333333333		0.22804563144742862
14	0.22092580288816036		0.5791666666666667		0.2231125508274711
15	0.20523350431976226		0.5916666666666667		0.244258729687991
16	0.1362713462160277		0.54		0.19082010718626177
17	0.1495352429113311		0.5533333333333335		0.1952955003573132
18	0.21759746426413096		0.5333333333333333		0.2132265086291097
19	0.21109825215827344		0.5204166666666666		0.207483248631574
20	0.11231214741903187		0.49541666666666667		0.17500376440301224
21	0.1205593286961115		0.48208333333333336		0.18141639291828246

n-grams(1-2)
df		 Precision 				 Recall 				 F-score
3	0.15420525342085706		0.6954166666666667		0.23929668035481716
4	0.15462137263728373		0.715		0.23841319174160147
5	0.1613941615665075		0.715		0.24508452682843215
6	0.18147338611475436		0.6958333333333334		0.2557213175400185
7	0.14990960307686113		0.7145833333333333		0.2408523507031633
8	0.15331316903952		0.68875		0.24040818380944678
9	0.15169752192064564		0.6950000000000001		0.24006643951668996
10	0.17256864000534444		0.68875		0.2548689673732577
11	0.14771580533057205		0.67		0.23488076178417577
12	0.1763222635768558		0.6770833333333333		0.25390710218500795
13	0.1759117521606258		0.6633333333333333		0.253015845252739
14	0.1802703597727394		0.5983333333333334		0.24389139063462095
15	0.18130030924187465		0.585		0.23997844048925074
16	0.18102851435054362		0.57875		0.24061907362202187
17	0.18098144645672654		0.5783333333333334		0.24035574641451768
18	0.18727251708047957		0.5529166666666667		0.2457463348641838
19	0.21538779385010876		0.48166666666666663		0.2182702586573919
20	0.20529675917544088		0.44333333333333336		0.17955514870284653
21	0.23814829461568587		0.46958333333333335		0.22952899912825542
22	0.2232197704301393		0.46208333333333335		0.22352443462313465

n-grams(1-3)
df		 Precision 				 Recall 				 F-score
4	0.1671516331251021		0.7279166666666667		0.2525254296288514
5	0.15640658779912547		0.7279166666666667		0.24536625266717565
6	0.15496118881642135		0.7275		0.24377074881112737
7	0.1673676838918141		0.7341666666666666		0.2531324088915122
8	0.1533527507747272		0.715		0.24135823934089382
9	0.16241873382319832		0.7020833333333334		0.24716345877899362
10	0.16351247476830763		0.6954166666666667		0.247075707556842
11	0.14725163989836082		0.6950000000000001		0.23740717613812823
12	0.17876902748721998		0.7025		0.26013747276533006
13	0.16703654936791174		0.7016666666666668		0.25654203546917526
14	0.1975859622736549		0.6245833333333333		0.25725587854541143
15	0.17104603441642974		0.5720833333333333		0.23149551840291513
16	0.17886638346249045		0.5716666666666665		0.2369913357413549
17	0.1691905507736375		0.5525		0.2241467300929255
18	0.22645349895881753		0.53375		0.24941657821596613
19	0.21453325591158187		0.44333333333333336		0.22205153080158585
20	0.2107296783783254		0.43083333333333335		0.2107797172646395
21	0.21628691252829185		0.42416666666666664		0.21553374252450816
22	0.2150221035631521		0.43666666666666665		0.2145099937702762
23	0.21491249839840765		0.4370833333333334		0.21547249942180283



