
------------------------------- TF-IDF TRUE -------------------------------
n-grams(1-1)
df		 Precision 				 Recall 				 F-score
2	0.35674576375382827		0.6970833333333333		0.4654794196377975
3	0.33900113579189317		0.7558333333333334		0.46154419872464986
4	0.3197936348887135		0.7875					0.4498468901649022
5	0.30855395557589776		0.8						0.440670292662952
6	0.2913477412319386		0.79375					0.42299199018159933
7	0.2834323396790566		0.7875					0.41458242278827784
8	0.29049015242441534		0.79375					0.4218590653580011
9	0.2822756804725899		0.79375					0.4133729303684003
10	0.27464040308914744		0.7745833333333334		0.4024774129595416
11	0.27505640732868103		0.78125					0.40383983163539305
12	0.28430220529612804		0.79375					0.41440160696460265
13	0.29078881653188027		0.79375					0.4215328194929281
14	0.2839888194204844		0.79375					0.4147940645029407
15	0.28265120456868764		0.8004166666666667		0.41379284419281037
16	0.2804356588016062		0.8066666666666666		0.41388632167201295
17	0.27584967039022146		0.8004166666666667		0.4080961265227797
18	0.27308994065020187		0.8066666666666666		0.40657457775865485
19	0.26857202738332486		0.8066666666666666		0.4016920688232385
20	0.2639727211607066		0.8066666666666666		0.3962885882618013
21	0.2609581694700802		0.8125					0.39368181040692296

n-grams(1-2)
df		 Precision 				 Recall 				 F-score
3	0.3980243419005029		0.6008333333333333		0.4698269852401228
4	0.3595573165585953		0.65875					0.45669445844399553
5	0.3584126984126984		0.7291666666666666		0.4731755887758918
6	0.3371249530436066		0.7424999999999999		0.45676164671352115
7	0.3215757702766044		0.7554166666666666		0.44491653408251997
8	0.32252568592099484		0.7808333333333334		0.45146794031219234
9	0.31267267248118313		0.7808333333333334		0.4419778276321356
10	0.30697483391512737		0.7933333333333333		0.43766517138499417
11	0.3067662438832559		0.80625					0.43971756648348104
12	0.3013377743282005		0.8129166666666666		0.4358523537476042
13	0.302933675367186		0.8191666666666666		0.43849712239834976
14	0.2963467255037022		0.8191666666666666		0.43187747502500773
15	0.28959889000783956		0.8129166666666666		0.4233067167357544
16	0.2897733631293609		0.8129166666666666		0.42405501047933364
17	0.27871578600097335		0.8						0.4100455485325275
18	0.27652047106193034		0.79375					0.4069602995830205
19	0.27572908191339013		0.79375					0.4064810337504139
20	0.2728501018536467		0.8070833333333333		0.4058523359754336
21	0.26464137646618674		0.8195833333333333		0.39826796764033545
22	0.267873561579098		0.8066666666666666		0.4000223428735826

n-grams(1-3)
df		 Precision 				 Recall 				 F-score
4	0.37587465629342987		0.6204166666666666		0.45934304367192896
5	0.36134689403452086		0.7041666666666666		0.4686258227268458
6	0.3431062359798128		0.7358333333333332		0.4604146082359078
7	0.3249937263291126		0.7616666666666666		0.4505077876849315
8	0.31899051699401487		0.7679166666666666		0.4456684685875808
9	0.3125457346564424		0.7745833333333334		0.4410900558252144
10	0.3052817872440298		0.7933333333333333		0.43595019835919685
11	0.30417430287756864		0.80625					0.4374470177765873
12	0.29621948265794795		0.8129166666666666		0.43060003411454223
13	0.298836721922746		0.8191666666666666		0.43439680110228773
14	0.29524038594540203		0.8191666666666666		0.43059495237448414
15	0.2907041532639359		0.8195833333333333		0.4248832681150351
16	0.2857580769035625		0.8191666666666666		0.4205165405877257
17	0.2780770904893798		0.80625					0.4103153944903578
18	0.27504209173663574		0.8						0.40624830295414177
19	0.2715950620700475		0.8						0.40282653807983226
20	0.26884800605304393		0.8066666666666666		0.401187967894489
21	0.2590949825982531		0.8133333333333332		0.3913970966672329
22	0.2584004584111434		0.8066666666666666		0.38974303700844826
23	0.2573356151017851		0.8066666666666666		0.3884157483460561




------------------------------- TF-IDF FALSE -------------------------------
n-grams(1-1)
df		 Precision 				 Recall 				 F-score
2	0.31912649202617255		0.8004166666666667		0.45069428783377996
3	0.3179065947290005		0.7945833333333334		0.4482765000952229
4	0.3266634620645146		0.7945833333333334		0.45521127408618745
5	0.32168401495364396		0.7629166666666667		0.44475427813625973
6	0.3250445882147228		0.7625000000000001		0.4479454390342032
7	0.3202085582725809		0.7625000000000001		0.44415426815912573
8	0.31992099798502055		0.76875		0.4448515264735244
9	0.3132490846964532		0.7433333333333334		0.4340144750770878
10	0.31755335963683834		0.7558333333333334		0.44043349677280236
11	0.3133806897122585		0.7554166666666667		0.4361758316300489
12	0.3220725657723127		0.7816666666666667		0.4474092988799355
13	0.3268534958937436		0.7816666666666667		0.4532128276746885
14	0.3229442916904217		0.7816666666666667		0.4504100326966284
15	0.3260357371039051		0.7816666666666667		0.4525058387273809
16	0.31446412399972773		0.7754166666666668		0.44309938754868405
17	0.3041253341253341		0.7691666666666668		0.4318986552419388
18	0.3023866254748607		0.7625		0.42974893647063467
19	0.30006750473468735		0.7625		0.42742798369463203
20	0.29514091969442935		0.7558333333333334		0.42108039317800383
21	0.29543007921780295		0.7558333333333334		0.42125144295169825

n-grams(1-2)
df		 Precision 				 Recall 				 F-score
3	0.34467303637675684		0.7370833333333334		0.46208441360763175
4	0.35069799349971764		0.7433333333333334		0.4677133065122575
5	0.35043858445354387		0.7366666666666666		0.46506690416326235
6	0.3473942750524226		0.7370833333333334		0.46215418086523324
7	0.33659438432406874		0.7308333333333334		0.45074123664104543
8	0.3337856016843768		0.7308333333333334		0.44896141751948343
9	0.33396205171931737		0.7437500000000001		0.4527568004069379
10	0.3250654800274794		0.7375		0.4430067832807751
11	0.32766946407651		0.7437500000000001		0.4464287425733543
12	0.3322886821811726		0.7754166666666668		0.4549545449313527
13	0.33071425132540505		0.7625000000000001		0.4509915955537657
14	0.32421158508325026		0.7495833333333334		0.44207846288072516
15	0.3296417728037057		0.7629166666666667		0.4503472611737319
16	0.3124726495956821		0.7500000000000001		0.43492250642091845
17	0.31228791571423786		0.7500000000000001		0.4339553991345234
18	0.30228649260672574		0.7495833333333334		0.42668059132752995
19	0.298995555227943		0.7429166666666667		0.422926788633234
20	0.2984201847077738		0.7429166666666667		0.4220919373070486
21	0.2981420369235495		0.7429166666666667		0.4215820347987195
22	0.29981160933120615		0.7558333333333334		0.42513731666665

n-grams(1-3)
df		 Precision 				 Recall 				 F-score
4	0.3525799848886778		0.7304166666666666		0.4675134851332047
5	0.3512238979658335		0.7366666666666666		0.46750268829101593
6	0.3448242581971045		0.7304166666666666		0.4599689861274935
7	0.33819497673016585		0.7308333333333334		0.45428066376356807
8	0.3346076667284098		0.7370833333333334		0.45061123490874966
9	0.33084697545959074		0.7437500000000001		0.44959239011172486
10	0.32730244751767434		0.7375		0.44416159507281183
11	0.32624290661958527		0.7437500000000001		0.44640979453887975
12	0.33052038949824575		0.7691666666666668		0.45213499605917223
13	0.32942309962046806		0.7562500000000001		0.448744693692977
14	0.326515854289089		0.7562500000000001		0.445726506347717
15	0.3274769517005776		0.7629166666666667		0.4482816183935544
16	0.3139517778323427		0.7437500000000001		0.4345207364521274
17	0.307789627265601		0.7437500000000001		0.4283078754918666
18	0.30078154309437444		0.7429166666666667		0.42407378707274795
19	0.298275732415097		0.7429166666666667		0.42216699903650695
20	0.3016803204467058		0.7429166666666667		0.4248134647583991
21	0.29866302348951923		0.7429166666666667		0.42170507074137226
22	0.3015076723176483		0.7558333333333334		0.42687228231864366
23	0.2920867943151775		0.7558333333333334		0.41776149494493053



