21907027
11895874
16205743
20385037
12395214
18791925
17493318
21430297
19874633
15005831
19154810
17449591
16411057
20851305
19167481
11570994
19747418
22623390
22437553
22420377
19167951
17353586
12600860
11584098
20167460
20683461
12396157
22973322
21775523
21389177
20576202
21180982
21346713
20859297
20018122
21185973
20502474
19759165
20502473
21835399
20104234
20634051
20856100
20417877
20061366
19923368
19371448
19735348
19248870
19602831
18997681
18053294
21272408
19144238
22493748
19587090
19027407
19022967
19433614
18855107
18469267
17565356
17616765
17408529
17622261
17868488
17164826
17397182
17313719
17521468
17349090
19622189
17299496
16962297
18768490
18279554
17538538
19176727
17383269
17152921
18059417
17378949
17181887
17538531
17116719
16925883
16870009
18599176
16160702
16465196
17069347
16923234
16452910
16524958
16276030
16014782
15946415
16118654
15483635
15054421
16293876
15623842
15735096
15159299
15105183
14608088
14756917
15051849
12559671
12570886
12368412
12324287
12067432
12771325
12633518
12957531
18165856
12064348
12891147
12001981
12081831
11744518
12414549
11415491
11593343
11744516
11454500
11570993
11684525
11470719
12908714
11522560
11477462
11815409
11348578
11238766
11360133
11117617
10744130
11052553
10872904
10778038
10573560
10024624
10427874
10369497
10500011
9850131
9772134
9701185
9925119
9568782
10400557
10393134
9752802
9681530
9652319
9491935
9440371
9368807
11273862
9174475
9094932
9109609
9126539
9126533
9126540
8922299
7572741
7547847
7661118
7766562
7840075
8000300
8785214
8850272
8030600
8279408
8379507
8347746
8480677
8480683
8424386
1303130
1512628
1858698
1878353
8379504
1339083
2000815
1706024
6668222
6624705
19102810
23314038
10753202
12919721
22155355
10064554
20014405
20368125
8781388
23409981
22939007
12621899
16466866
22282017
22436105
22663094
18313659
16581553
11668486
11563604
11401906
10190558
9695181
9600694
9200859
8743441
8919845
2068558
10867370
22629390
22428611
22198330
21803351
21570106
21147605
21193517
21587280
21787681
21627370
19885669
19942255
19506895
19766290
19543712
19603678
19095289
19124486
18804258
18425528
18268125
22829048
22281753
11993865
17695931
22225821
21648437
19491488
23276304
17684128
10962432
9270013
7920208
23062831
24500378
21979175
22004731
21890171
20378148
20564999
19850319
19482333
18678409
18514762
17426737
17208274
17217986
15876389
15626377
18599107
15589248
10845781
14659944
23434819
22771521
22763040
21498147
22327115
22192581
23724965
23500394
23506475
22814209
22819883
21550663
22088798
19806728
18351120
17938731
16949631
17109919
21715241
21663933
21106438
21495631
21059472
20951435
17280703
20079522
17120554
20471317
20521814
20540541
20056561
20346480
19897300
19931910
19781992
21793581
21984658
22668079
23758680
22415648
20160264
19020893
19258471
18221770
18059422
17357799
17583448
17071945
17257655
16406813
11355291
14564527
16406420
14646291
12834760
14673870
20974841
12040109
10028656
9828310
8930103
8920756
10810104
21699966
21208638
21106193
20378105
17089110
16182859
15667840
21362590
17938741
10667464
1903103
11372890
10903613
23466097
23053646
22078547
21298441
21684540
21111447
21851983
20384379
20019912
19070886
18829066
18614165
18550560
18291442
18087602
17509640
16736058
11445514
18054906
16337987
16475322
15379968
15289169
12434227
16675436
15961582
15688132
14659953
12690495
12449328
21030064
18941581
18522133
17993135
17366822
16564120
16650462
22236587
22236635
21953308
20444483
20049208
19540593
18804904
18599108
19223940
18813024
22523182
23942273
23469879
16755268
11432711
20502476
10822282
18300693
20332276
22975199
12003755
12507978
20416131
17976571
23932849
23234290
15340359
24001412
23461877
24161445
21205581
19707251
23711692
22262702
20797930
17538540
24034517
9796633
25262085
25383963
18458835
20332255
23388668
23769186
23368909
20086315
23623597
19729343
15575555
14762970
16882519
14998748
21371937
11049818
21955883
23528233
23270838
21983396
23394847
18335100
20354564
19394271
21575223
18414628
17182278
14998749
17366830
17400024
15776263
21477864
21395215
12963402
21075419
23419587
20973429
23246700
18824263
21440302
17765308
21429484
20701950
18774129
22354176
23816546
21406311
17695894
21268450
